state: 1, [0]
of: 3, [1, 4, 9]
michigan: 2, [2, 7]
department: 2, [3, 8]
environmental: 3, [5, 10, 12]
quality: 2, [6, 11]
laboratory: 1, [13]
po: 1, [14]
box: 1, [15]
30270: 1, [16]
lansing,: 1, [17]
mi: 1, [18]
48909: 1, [19]
tel: 1, [20]
517: 2, [21, 24]
3359800: 1, [22]
fax: 1, [23]
3359600: 1, [25]
client: 1, [26]
id: 2, [27, 32]
south: 1, [28]
wall: 1, [29]
56’s: 1, [30]
lab: 2, [31, 363]
180202102: 1, [33]
analyzed: 1, [34]
date: 1, [35]
qc: 1, [36]
batch: 1, [37]
qualifier: 1, [38]
cas: 1, [39]
analyte: 1, [41]
result: 1, [42]
rl: 1, [43]
units: 1, [44]
dilution: 1, [45]
method: 1, [46]
organicsvolatiles: 1, [47]
310: 7, [48, 156, 170, 177, 219, 276, 290]
75718: 1, [49]
60297: 1, [50]
108203: 1, [51]
100414: 1, [52]
637923: 1, [53]
67721: 1, [54]
110543: 1, [55]
98828: 1, [56]
1330207: 1, [57]
75092: 1, [58]
1634044: 1, [59]
91203: 1, [60]
104518: 1, [61]
103651: 1, [62]
95476: 1, [63]
135988: 1, [64]
100425: 1, [65]
98066: 1, [66]
75650: 1, [67]
994058: 1, [68]
127184: 1, [69]
109999: 1, [70]
108883: 1, [71]
156605: 1, [72]
10061026: 1, [73]
79016: 1, [74]
75694: 1, [75]
75014: 1, [76]
dichlorodifluoromethane: 1, [77]
diethyl: 1, [78]
ether: 2, [79, 81]
diisopropyl: 1, [80]
ethylbenzene: 1, [82]
ethyltertiarybutylether: 1, [83]
hexachloroethane: 1, [84]
hexane: 1, [85]
isopropylbenzene: 1, [86]
xylene: 1, [91]
methylene: 1, [92]
chloride: 2, [93, 114]
methyltertiarybutylether: 1, [94]
naphthalene: 1, [95]
nbutylbenzene: 1, [96]
npropylbenzene: 1, [97]
oxylene: 1, [98]
secbutylbenzene: 1, [99]
styrene: 1, [100]
tertbutylbenzene: 1, [101]
tertiary: 1, [102]
butyl: 1, [103]
alcohol: 1, [104]
tertiaryamylmethylether: 1, [105]
tetrachloroethylene: 1, [106]
tetrahydrofuran: 1, [107]
toluene: 1, [108]
trans1,2dichloroethylene: 1, [109]
trans1,3dichloropropylene: 1, [110]
trichloroethylene: 1, [111]
trichlorofluoromethane: 1, [112]
vinyl: 1, [113]
nd: 28, [115, 116, 117, 118, 119, 120, 121, 122, 123, 124, 125, 126, 127, 128, 129, 130, 131, 132, 133, 134, 135, 136, 137, 138, 139, 140, 141, 142]
02/06/18: 31, [143, 150, 157, 164, 171, 178, 185, 192, 199, 206, 213, 220, 228, 235, 242, 249, 256, 263, 270, 277, 284, 291, 298, 305, 312, 319, 326, 333, 340, 348, 356]
50: 28, [144, 151, 158, 165, 172, 179, 186, 193, 200, 207, 214, 222, 229, 236, 243, 250, 257, 264, 271, 278, 285, 292, 299, 306, 313, 320, 327, 334]
ug/kg: 28, [145, 152, 159, 166, 173, 180, 187, 194, 201, 208, 215, 223, 230, 237, 244, 251, 258, 265, 272, 279, 286, 293, 300, 307, 314, 321, 328, 335]
dry: 28, [146, 153, 160, 167, 174, 181, 188, 195, 202, 209, 216, 224, 231, 238, 245, 252, 259, 266, 273, 280, 287, 294, 301, 308, 315, 322, 329, 336]
b8b0608: 31, [147, 154, 161, 168, 175, 182, 189, 196, 203, 210, 217, 225, 232, 239, 246, 253, 260, 267, 274, 281, 288, 295, 302, 309, 316, 323, 330, 337, 341, 349, 357]
8260: 31, [148, 155, 162, 169, 176, 183, 190, 197, 204, 211, 218, 226, 233, 240, 247, 254, 261, 268, 275, 282, 289, 296, 303, 310, 317, 324, 331, 338, 346, 354, 362]
250: 1, [149]
62: 17, [163, 184, 191, 212, 227, 234, 241, 248, 255, 262, 283, 297, 304, 311, 318, 325, 332]
120: 2, [198, 205]
3100: 1, [269]
403194: 1, [339]
surrogate: 3, [342, 350, 358]
bromofluorobenzene: 1, [343]
141: 1, [344]
521217: 1, [347]
dibromofluoromethane: 1, [351]
135: 1, [352]
554196: 1, [355]
toluened8: 1, [359]
132: 1, [360]
work: 1, [364]
order: 1, [365]
1802021: 1, [367]
page: 2, [368, 372]
21: 2, [371, 375]
