state: 1, [0]
of: 3, [1, 4, 9]
michigan: 2, [2, 7]
department: 2, [3, 8]
environmental: 3, [5, 10, 12]
quality: 2, [6, 11]
laboratory: 1, [13]
po: 1, [14]
box: 1, [15]
30270: 1, [16]
lansing,: 1, [17]
mi: 1, [18]
48909: 1, [19]
tel: 1, [20]
517: 2, [21, 24]
3359800: 1, [22]
fax: 1, [23]
3359600: 1, [25]
client: 1, [26]
id: 2, [27, 32]
west: 1, [28]
wall: 1, [29]
56’s: 1, [30]
lab: 2, [31, 259]
180202104: 1, [33]
analyzed: 1, [34]
date: 1, [35]
qc: 1, [36]
batch: 1, [37]
qualifier: 1, [38]
cas: 1, [39]
analyte: 1, [41]
result: 1, [42]
rl: 1, [43]
units: 1, [44]
dilution: 1, [45]
method: 1, [46]
see: 1, [47]
note: 1, [48]
y20: 1, [49]
organicssemivolatiles: 1, [50]
550: 1, [51]
91576: 1, [52]
83329: 1, [53]
208968: 1, [54]
120127: 1, [55]
56553: 1, [56]
50328: 1, [57]
205992: 1, [58]
191242: 1, [59]
207089: 1, [60]
218019: 1, [61]
53703: 1, [62]
206440: 1, [63]
86737: 1, [64]
193395: 1, [65]
91203: 1, [66]
85018: 1, [67]
129000: 1, [68]
2methylnaphthalene: 1, [69]
acenaphthene: 1, [70]
acenaphthylene: 1, [71]
anthracene: 1, [72]
benzaanthracene: 1, [73]
benzoapyrene: 1, [74]
benzobfluoranthene: 1, [75]
benzog,h,iperylene: 1, [76]
benzokfluoranthene: 1, [77]
chrysene: 1, [78]
dibenza,hanthracene: 1, [79]
fluoranthene: 1, [80]
fluorene: 1, [81]
indeno1,2,3c,dpyrene: 1, [82]
naphthalene: 1, [83]
phenanthrene: 1, [84]
pyrene: 1, [85]
nd: 17, [86, 87, 88, 89, 90, 91, 92, 93, 94, 95, 96, 97, 98, 99, 100, 101, 102]
02/27/18: 20, [103, 110, 117, 124, 131, 138, 145, 152, 159, 166, 173, 180, 187, 194, 201, 208, 215, 222, 230, 238]
ug/kg: 17, [104, 111, 118, 125, 132, 139, 146, 153, 160, 167, 174, 181, 188, 195, 202, 209, 216]
dry: 17, [105, 112, 119, 126, 133, 140, 147, 154, 161, 168, 175, 182, 189, 196, 203, 210, 217]
b8b0801: 20, [107, 114, 121, 128, 135, 142, 149, 156, 163, 170, 177, 184, 191, 198, 205, 212, 219, 223, 231, 239]
8270: 20, [108, 115, 122, 129, 136, 143, 150, 157, 164, 171, 178, 185, 192, 199, 206, 213, 220, 228, 236, 244]
220: 10, [109, 116, 123, 130, 165, 179, 186, 200, 207, 214]
440: 6, [137, 144, 151, 158, 172, 193]
329115: 1, [221]
surrogate: 3, [224, 232, 240]
2fluorobiphenyl: 1, [225]
891: 1, [226]
318115: 1, [229]
nitrobenzened5: 1, [233]
828: 1, [234]
385115: 1, [237]
pterphenyld14: 1, [241]
100: 1, [242]
inorganicsgeneral: 1, [245]
chemistry: 1, [246]
01: 1, [247]
ts: 1, [248]
02/12/18: 1, [249]
total: 1, [251]
solids: 1, [252]
905: 1, [253]
2540: 1, [256]
b8b1204: 1, [258]
work: 1, [260]
order: 1, [261]
1802021: 1, [263]
page: 2, [264, 268]
14: 2, [265, 269]
21: 2, [267, 271]
