table: 1, [0]
1,: 1, [1]
summary: 1, [2]
soil: 4, [4, 73, 95, 96]
analytical: 1, [5]
results: 1, [6]
akt: 2, [7, 25]
ss: 1, [14]
5635: 1, [15]
west: 3, [16, 48, 52]
fort: 1, [17]
street: 1, [18]
environmental: 1, [19]
energy: 1, [21]
services: 1, [22]
detroit,: 1, [23]
michigan: 1, [24]
peerless: 1, [26]
project: 1, [27]
no: 1, [28]
65134: 1, [29]
eee: 1, [31]
ee: 6, [32, 36, 37, 179, 180, 569]
es: 1, [33]
ust2: 2, [38, 39]
ena: 1, [42]
bs: 1, [43]
residentiat: 1, [44]
residential: 4, [46, 54, 61, 75]
aa: 2, [47, 137]
epee: 1, [49]
ust2,: 1, [50]
east: 1, [51]
bo: 1, [53]
7toune: 1, [56]
water: 2, [57, 88]
eee,: 1, [58]
infinite: 1, [59]
2: 1, [63]
wall: 1, [64]
bottom: 2, [65, 67]
nag: 1, [70]
surface: 1, [71]
groundwater: 1, [72]
chemical: 1, [76]
statewide: 1, [78]
drinking: 1, [79]
seta: 1, [80]
source: 1, [81]
particulate: 1, [82]
collection: 1, [85]
abstract: 1, [86]
default: 1, [87]
pels: 1, [89]
om: 2, [90, 99]
ace: 1, [91]
va: 1, [92]
eet: 1, [93]
volatile: 1, [94]
pies: 1, [97]
concentration: 2, [98, 115]
7/26/2012: 4, [100, 101, 102, 103]
interface: 1, [106]
protection: 3, [107, 120, 132]
indoor: 1, [110]
air: 1, [111]
contact: 1, [114]
date: 1, [116]
service: 1, [117]
background: 1, [119]
ames: 1, [121]
inhalation: 3, [123, 125, 135]
sete: 1, [126]
screening: 1, [127]
refer: 1, [128]
detailed: 1, [130]
ptt: 1, [131]
criteria: 7, [133, 138, 143, 147, 149, 155, 158]
ean: 1, [136]
detected: 1, [140]
number: 1, [141]
levels: 2, [142, 151]
iaien: 1, [145]
ae: 2, [146, 183]
laboratory: 1, [152]
report: 1, [153]
rbsls: 5, [157, 160, 161, 167, 175]
nhee: 1, [162]
tse: 1, [163]
vsic: 1, [164]
depth: 1, [168]
method: 1, [170]
reference: 1, [171]
data: 1, [172]
meals: 1, [176]
ugg: 1, [177]
tes: 1, [178]
cadmium: 1, [184]
7440439: 1, [186]
: 2, [188, 325]
1,200: 1, [189]
6,000: 1, [190]
gx: 1, [191]
23e8: 1, [192]
l7e6: 1, [193]
55e5: 1, [195]
na: 19, [197, 218, 266, 286, 307, 317, 366, 380, 416, 446, 459, 470, 479, 498, 516, 535, 557, 597, 658]
270: 1, [199]
64: 1, [200]
chromium,: 1, [201]
total: 2, [202, 205]
7440473: 1, [203]
18,000: 1, [204]
30,000: 2, [206, 624]
3,300: 1, [207]
14e8: 1, [208]
nlv: 1, [210]
onlv: 1, [212]
2665: 1, [214]
25e6: 1, [216]
11,000: 2, [219, 225]
et: 1, [220]
5900: 1, [221]
3,400: 1, [222]
3,100: 1, [223]
lead: 1, [227]
7439921: 1, [229]
21,000: 1, [231]
70e5: 1, [232]
gx: 1, [233]
mw: 1, [235]
nv: 4, [237, 423, 473, 475]
ntv: 1, [239]
10e8: 1, [241]
40e5: 1, [242]
49,000: 1, [243]
: 1, [245]
3,700: 1, [246]
4,600: 1, [247]
4,000: 1, [248]
10,000: 1, [249]
semivolatiles,: 1, [250]
pnasugke: 1, [251]
ft: 1, [253]
acenaphthene: 1, [254]
83329: 1, [255]
30e5: 2, [256, 510]
8,700: 1, [257]
97e5: 1, [258]
loe8: 1, [259]
s1e7: 1, [260]
14e10: 1, [262]
41e7: 1, [264]
330: 2, [268, 500]
ey: 1, [269]
z30: 1, [270]
tt: 2, [271, 406]
z30: 1, [272]
t3030: 2, [273, 463]
acenapthylen: 1, [274]
208568: 1, [275]
5900: 1, [276]
1b: 1, [277]
44s: 1, [279]
lor: 1, [281]
2369: 1, [282]
1666: 2, [284, 534]
30: 11, [288, 292, 328, 340, 341, 342, 359, 430, 464, 480, 541]
330: 20, [290, 311, 353, 355, 357, 368, 371, 374, 396, 408, 409, 410, 501, 523, 539, 543, 561, 562, 563, 564]
0: 3, [294, 295, 483]
41000: 1, [296]
wm: 1, [297]
41,000: 1, [298]
1089d: 1, [300]
i4e9: 1, [302]
67erio: 1, [304]
23e8: 1, [306]
490: 1, [308]
p30: 2, [309, 522]
3030: 1, [310]
benzoayanhracene: 1, [312]
5653: 1, [315]
nll: 6, [319, 382, 383, 400, 418, 421]
nul: 1, [320]
nik: 1, [322]
nlv: 1, [323]
nev: 1, [324]
20000: 2, [326, 478]
3030330: 2, [330, 449]
ott: 1, [331]
s008: 1, [332]
ise: 1, [333]
2000: 1, [334]
na: 1, [336]
390: 1, [338]
50: 2, [343, 351]
berzobmuoranthene: 1, [344]
205992: 1, [347]
nlp: 1, [348]
nel: 2, [349, 419]
20000: 1, [350]
oe: 1, [352]
famenenas: 1, [360]
roe: 1, [362]
2se6: 1, [364]
330: 1, [372]
—330: 1, [375]
benzokfluorantheneq: 1, [376]
207089: 1, [378]
tl: 1, [384]
ev: 2, [385, 386]
toes: 1, [387]
tna: 3, [388, 404, 426]
tso: 1, [389]
s30: 3, [390, 394, 502]
ss30: 2, [392, 407]
chrysene: 1, [397]
218019: 1, [399]
nl: 1, [401]
nlt: 1, [402]
tore: 1, [403]
440: 1, [405]
dibenzoashyanthracene: 1, [411]
53703: 1, [414]
tev,: 1, [424]
t2000: 1, [425]
ss30—s: 1, [427]
ss30—: 1, [429]
30330: 1, [432]
206440: 1, [433]
73e5: 1, [434]
5,500: 1, [435]
73e5: 1, [436]
10e9d: 1, [438]
74e8: 1, [440]
93e9: 2, [442, 455]
46e7: 1, [444]
850: 1, [447]
30: 1, [448]
86737: 1, [450]
39e5: 1, [451]
5,300: 1, [452]
89e5: 1, [453]
58e8: 1, [454]
27ex7: 1, [457]
330: 2, [461, 518]
zz: 1, [462]
indeno23edpyrene: 1, [465]
193395: 1, [468]
nulnul: 1, [471]
nul: 1, [472]
230: 1, [482]
a0: 1, [484]
2methyinaphthalene: 1, [486]
91576: 1, [487]
57,000: 1, [488]
4,200: 1, [489]
55e6: 1, [490]
27e6: 1, [491]
lse6: 1, [492]
67e8: 1, [494]
8ie6: 1, [496]
330330: 1, [504]
naphthalene: 1, [505]
91203: 1, [506]
35,000: 1, [507]
21e6: 1, [508]
25e5: 1, [509]
20e8: 1, [512]
16e7: 1, [514]
sso: 1, [519]
s30°—: 1, [521]
5018: 1, [524]
56000: 1, [525]
2100: 1, [527]
11bs6: 1, [529]
28656: 1, [531]
67e6: 1, [532]
300: 1, [537]
a30: 1, [542]
12900: 1, [544]
4e5: 1, [545]
1d: 1, [546]
sees: 1, [548]
10e9d: 1, [550]
6ses8: 1, [552]
67609: 1, [554]
29607: 1, [556]
70: 1, [559]
volatites,: 1, [565]
vocsugke: 1, [566]
1,2dichlorobenzene: 1, [570]
95501: 1, [571]
14,000: 1, [572]
wy: 1, [574]
21es©: 1, [575]
2165q: 1, [577]
39647: 1, [579]
loei: 1, [580]
21esq: 1, [582]
21e5: 1, [584]
sao: 2, [586, 592]
i00—s: 1, [588]
i00—ss—: 1, [590]
100—ss: 1, [591]
1,2dichloroethane: 1, [593]
107062: 1, [595]
moot: 1, [598]
7200x: 1, [599]
38845: 1, [600]
6,200: 1, [601]
l2e8: 1, [602]
91,000: 1, [604]
12e6: 1, [605]
280: 1, [607]
50: 1, [608]
ethylene: 1, [609]
dibromide: 1, [610]
106934: 1, [611]
20m: 1, [612]
10: 1, [613]
110: 1, [614]
1,700: 1, [616]
l4e7: 1, [617]
8955: 1, [618]
61: 1, [620]
methylene: 1, [621]
chloride: 1, [622]
75092: 1, [623]
23e6c: 1, [627]
45,000: 1, [628]
21e5: 1, [629]
66e9: 1, [630]
13e6: 1, [631]
23e6: 1, [632]
660: 1, [634]
1,2,4trimethylbenzene: 1, [636]
95636: 1, [639]
2,100: 1, [640]
570: 1, [641]
lie5c: 1, [642]
11e5c: 1, [644]
21e7: 1, [646]
82e10: 1, [647]
11e5c: 1, [649]
11es: 1, [650]
140: 1, [652]
remaining: 1, [654]
vocs: 1, [655]
varies: 1, [656]
: 2, [661, 671]
: 1, [666]
page: 1, [672]
