analytical: 1, [0]
laboratory: 3, [1, 10, 18]
report: 2, [2, 89]
order: 1, [3]
51146: 2, [4, 13]
fibertec: 1, [5]
page: 1, [6]
40f: 1, [7]
16: 1, [8]
project: 3, [11, 45, 55]
number: 2, [12, 20]
environmental: 1, [14]
date: 2, [15, 52]
08/09/12: 1, [16]
services: 1, [17]
sample: 5, [19, 29, 48, 58, 64]
51146002: 2, [21, 182]
client: 3, [22, 44, 54]
identification: 1, [23]
akt: 1, [25]
peerless: 1, [26]
environ: 1, [27]
svcs,: 1, [28]
description: 1, [30]
ust2: 1, [32]
east: 1, [33]
wall: 1, [34]
3°: 1, [35]
chain: 1, [36]
custody: 1, [38]
115035,: 1, [39]
inc: 1, [40]
farm: 1, [42]
hills: 1, [43]
name: 1, [46]
6513f3370: 1, [47]
no: 2, [49, 56]
collect: 2, [51, 61]
07/26/12: 1, [53]
na: 2, [57, 63]
matrix: 4, [59, 111, 140, 183]
soil/solid: 4, [60, 112, 141, 184]
time: 1, [62]
comments: 1, [65]
soil: 1, [66]
results: 1, [67]
calculated: 1, [70]
reported: 1, [72]
dry: 2, [75, 102]
weight: 2, [76, 103]
basis: 1, [77]
unless: 1, [78]
otherwise: 1, [79]
noted: 1, [80]
definitions: 1, [81]
q: 1, [82]
qualifier: 1, [83]
definitions: 1, [85]
na: 1, [90]
not: 1, [91]
applicable: 1, [92]
nn: 1, [93]
parameter: 1, [94]
included: 1, [96]
nelac: 1, [98]
scope: 1, [99]
analysis: 1, [101]
determination: 1, [104]
astm: 1, [105]
297487: 1, [107]
aliquot: 3, [108, 137, 180]
id: 3, [109, 138, 181]
51146002a: 2, [110, 139]
analyst: 3, [113, 142, 185]
bmg: 1, [114]
parameters: 3, [115, 144, 187]
result: 3, [116, 145, 188]
units: 3, [118, 147, 190]
reporting: 3, [119, 148, 191]
limit: 3, [120, 149, 192]
dilution: 3, [121, 150, 193]
prep: 6, [122, 124, 151, 153, 194, 196]
date: 6, [123, 127, 152, 156, 195, 199]
batch: 6, [125, 129, 154, 158, 197, 201]
analysis: 6, [126, 128, 155, 157, 198, 200]
trace: 1, [130]
elements: 1, [131]
icp/ms: 1, [133]
epa: 2, [134, 177]
02002m/epa: 1, [135]
6020a: 1, [136]
jlh: 1, [143]
chromium: 1, [160]
8900: 1, [161]
ug/kg: 7, [162, 212, 253, 263, 273, 293, 302]
500: 1, [163]
20: 1, [164]
08/08/12: 2, [165, 167]
pt12ho8f: 1, [166]
t212ho8a: 1, [168]
ust: 1, [169]
used: 1, [171]
motor: 1, [172]
oils: 1, [173]
volatiles,: 1, [175]
5035: 1, [176]
5035/epa: 1, [178]
8260b: 1, [179]
hls: 1, [186]
ys: 1, [202]
vi12ho6b: 26, [203, 205, 207, 208, 229, 231, 239, 247, 249, 257, 267, 269, 277, 279, 287, 289, 297, 299, 306, 308, 316, 318, 327, 329, 336, 338]
vi12ho6e: 1, [204]
08/06/12: 26, [206, 215, 217, 225, 226, 238, 246, 248, 256, 258, 266, 268, 276, 278, 286, 288, 296, 298, 305, 307, 315, 317, 326, 328, 335, 337]
bromodichloromethane: 1, [210]
100: 5, [213, 254, 264, 324, 333]
10: 13, [214, 224, 237, 245, 255, 265, 275, 285, 295, 304, 314, 325, 334]
08/06/1: 2, [216, 218]
bromomethane: 1, [220]
g/kg: 4, [222, 283, 323, 332]
200: 2, [223, 322]
ich: 1, [228]
chlorobenzene: 1, [233]
hg/kg: 1, [235]
50: 7, [236, 244, 274, 284, 294, 303, 313]
chloroform: 1, [241]
yg/kg: 1, [243]
10: 1, [250]
dibromochloromethane: 1, [251]
vi412ho6b: 1, [259]
12: 1, [260]
1,3dichlorobenzene: 1, [261]
14,: 1, [270]
1,1dichloroethane: 1, [271]
16: 1, [280]
1,1dichloroethene: 1, [281]
18: 1, [290]
trans1,2dichloroethene: 1, [291]
20cis1,3dichloropropene: 1, [300]
22: 1, [309]
ethylbenzene: 1, [310]
ho/kg: 1, [312]
24,: 1, [319]
methylene: 1, [320]
chloride: 1, [321]
261,1,1,2tetrachloroethane: 1, [330]
1914: 1, [339]
holloway: 1, [340]
drive: 1, [341]
holt,: 1, [342]
mi: 3, [343, 356, 369]
48842: 1, [344]
t: 3, [345, 358, 371]
617: 1, [346]
6990345: 1, [347]
f: 2, [348, 374]
517: 1, [349]
6990388: 1, [350]
11766: 1, [351]
e: 1, [352]
grand: 1, [353]
river: 1, [354]
brighton,: 1, [355]
48116: 1, [357]
810: 2, [359, 362]
2203300: 1, [360]
f: 1, [361]
2203311: 1, [363]
8660: 1, [364]
s: 1, [365]
mackinaw: 1, [366]
trail: 1, [367]
cadillac,: 1, [368]
49601: 1, [370]
231: 2, [372, 375]
7758368: 1, [373]
7758584: 1, [376]
dcsid: 1, [377]
g61013: 1, [378]
03/21/11: 1, [379]
labfibertecus: 1, [380]
rsn: 1, [381]
51146120809101934: 1, [382]
