analytical: 1, [0]
laboratory: 3, [1, 12, 20]
report: 2, [2, 91]
order: 1, [3]
51146: 2, [4, 15]
fibertec: 1, [5]
page: 1, [7]
10: 1, [8]
16: 1, [10]
project: 3, [13, 47, 57]
number: 2, [14, 22]
environmental: 1, [16]
date: 2, [17, 54]
08/09/12: 1, [18]
services: 1, [19]
sample: 5, [21, 31, 50, 60, 66]
51146005: 2, [23, 184]
client: 3, [24, 46, 56]
identification: 1, [25]
akt: 1, [27]
peerless: 1, [28]
environ: 1, [29]
svcs,: 1, [30]
description: 1, [32]
ust2: 1, [33]
east: 1, [34]
wall: 1, [35]
3: 1, [36]
ms: 1, [37]
chain: 1, [38]
custody: 1, [40]
115035: 1, [41]
inc: 1, [42]
farm: 1, [44]
hills: 1, [45]
name: 1, [48]
6513f3370: 1, [49]
no: 2, [51, 58]
collect: 2, [53, 63]
07/26/12: 1, [55]
na: 2, [59, 65]
matrix: 4, [61, 113, 142, 185]
soil/solid: 4, [62, 114, 143, 186]
time: 1, [64]
comments: 1, [67]
soil: 1, [68]
results: 1, [69]
calculated: 1, [72]
reported: 1, [74]
dry: 2, [77, 104]
weight: 2, [78, 105]
basis: 1, [79]
unless: 1, [80]
otherwise: 1, [81]
noted: 1, [82]
definitions: 1, [83]
q: 1, [84]
qualifier: 1, [85]
definitions: 1, [87]
na: 1, [92]
not: 1, [93]
applicable: 1, [94]
nn: 1, [95]
parameter: 1, [96]
included: 1, [98]
nelac: 1, [100]
scope: 1, [101]
analysis: 1, [103]
determination: 1, [106]
astm: 1, [107]
297487: 1, [109]
aliquot: 3, [110, 139, 182]
id: 3, [111, 140, 183]
51146005a: 2, [112, 141]
analyst: 3, [115, 144, 187]
bmg: 1, [116]
parameters: 3, [117, 146, 189]
result: 2, [118, 190]
units: 3, [120, 149, 192]
reporting: 3, [121, 150, 193]
limit: 3, [122, 151, 194]
dilution: 3, [123, 152, 195]
prep: 6, [124, 126, 153, 155, 196, 198]
date: 6, [125, 129, 154, 158, 197, 201]
batch: 6, [127, 131, 156, 160, 199, 203]
analysis: 6, [128, 130, 157, 159, 200, 202]
trace: 1, [132]
elements: 1, [133]
icp/ms: 1, [135]
epa: 2, [136, 179]
02002m/epa: 1, [137]
6020a: 1, [138]
jlh: 1, [145]
resutt: 1, [147]
chromium: 1, [162]
27000: 1, [163]
ug/kg: 7, [164, 207, 237, 247, 257, 277, 328]
500: 1, [165]
20: 1, [166]
08/08/12: 2, [167, 169]
pt12ho8f: 1, [168]
t212ho8a: 1, [170]
ust: 1, [171]
used: 1, [173]
motor: 1, [174]
oils: 1, [175]
volatiles,: 1, [177]
5035: 1, [178]
5035/epa: 1, [180]
8260b: 1, [181]
hls: 1, [188]
bromodichloromethane: 1, [205]
5800: 1, [206]
100: 5, [208, 248, 258, 319, 329]
10: 13, [209, 219, 229, 239, 249, 259, 269, 279, 289, 299, 309, 320, 330]
08/06/12: 26, [210, 212, 220, 222, 230, 232, 240, 242, 250, 252, 260, 262, 270, 272, 280, 282, 290, 292, 300, 302, 310, 312, 321, 323, 331, 333]
vi12ho6b: 24, [211, 213, 221, 223, 231, 233, 241, 243, 251, 253, 261, 271, 273, 281, 283, 291, 301, 303, 311, 313, 322, 324, 332, 334]
bromomethane: 1, [215]
3600: 1, [216]
yg/kg: 3, [217, 227, 267]
200: 1, [218]
6: 1, [224]
chlorobenzene: 1, [225]
6100: 3, [226, 266, 286]
50: 7, [228, 238, 268, 278, 288, 298, 308]
chloroform: 1, [235]
5500: 1, [236]
10: 1, [244]
dibromochloromethane: 1, [245]
7400: 1, [246]
12: 1, [254]
1,3dichlorobenzene: 1, [255]
6300: 1, [256]
vi42ho6b: 2, [263, 293]
14: 1, [264]
1,1dichloroethane: 1, [265]
16: 1, [274]
1,1dichloroethene: 1, [275]
5900: 1, [276]
18: 1, [284]
trans1,2dichloroethene: 1, [285]
g/kg: 4, [287, 297, 307, 318]
20: 1, [294]
cis1,3dichloropropene: 1, [295]
6000: 1, [296]
22: 1, [304]
ethylbenzene: 1, [305]
5400: 1, [306]
24: 1, [314]
methylene: 1, [315]
chloride: 1, [316]
6500: 1, [317]
26: 1, [325]
1,1,1,2tetrachloroethane: 1, [326]
7100: 1, [327]
1914: 1, [335]
holloway: 1, [336]
drive: 1, [337]
holt,: 1, [338]
mi: 3, [339, 352, 365]
48842: 1, [340]
t: 3, [341, 354, 367]
517: 2, [342, 345]
6990345: 1, [343]
f: 3, [344, 357, 370]
6990388: 1, [346]
11766: 1, [347]
e: 1, [348]
grand: 1, [349]
river: 1, [350]
brighton,: 1, [351]
48116: 1, [353]
810: 2, [355, 358]
2203300: 1, [356]
2203311: 1, [359]
8660: 1, [360]
s: 1, [361]
mackinaw: 1, [362]
trail: 1, [363]
cadillac,: 1, [364]
49601: 1, [366]
231: 2, [368, 371]
7758368: 1, [369]
7758584: 1, [372]
dcsid: 1, [373]
g61013: 1, [374]
03/21/11: 1, [375]
labefibertecus: 1, [376]
rsn: 1, [377]
51146120809101934: 1, [378]
