order: 1, [0]
51146: 2, [1, 15]
analytical: 1, [2]
laboratory: 3, [3, 12, 21]
report: 2, [4, 92]
fibertec: 1, [5]
page: 1, [7]
13: 1, [8]
16: 1, [10]
project: 3, [13, 48, 58]
number: 2, [14, 23]
environmental: 1, [17]
date: 2, [18, 55]
08/09/12: 1, [19]
services: 1, [20]
sample: 5, [22, 32, 51, 61, 67]
51146006: 2, [24, 118]
client: 3, [25, 47, 57]
identification: 1, [26]
akt: 1, [28]
peerless: 1, [29]
environ: 1, [30]
svcs,: 1, [31]
description: 1, [33]
ust2: 1, [34]
east: 1, [35]
wall: 1, [36]
3: 1, [37]
msd: 1, [38]
chain: 1, [39]
custody: 1, [41]
115035: 1, [42]
inc: 1, [43]
farm: 1, [45]
hills: 1, [46]
name: 1, [49]
6513f3370: 1, [50]
no: 2, [52, 59]
collect: 2, [54, 64]
07/26/12: 1, [56]
na: 2, [60, 66]
matrix: 3, [62, 119, 208]
soil/solid: 3, [63, 120, 209]
time: 1, [65]
comments: 1, [68]
soil: 1, [69]
results: 1, [70]
calculated: 1, [73]
reported: 1, [75]
dry: 1, [78]
weight: 1, [79]
basis: 1, [80]
unless: 1, [81]
otherwise: 1, [82]
noted: 1, [83]
definitions: 1, [84]
q: 1, [85]
qualifier: 1, [86]
definitions: 1, [88]
na: 1, [93]
not: 1, [94]
applicable: 1, [95]
nn: 1, [96]
parameter: 1, [97]
included: 1, [99]
nelac: 1, [101]
scope: 1, [102]
analysis: 1, [104]
ust: 1, [105]
used: 1, [107]
motor: 1, [108]
oils: 1, [109]
volatiles,: 1, [111]
5035: 1, [112]
epa: 2, [113, 202]
5035/epa: 1, [114]
8260b: 1, [115]
aliquot: 2, [116, 205]
id: 2, [117, 206]
analyst: 2, [121, 210]
hls: 1, [122]
parameters: 2, [123, 221]
result: 2, [124, 222]
units: 2, [126, 224]
reporting: 2, [127, 225]
limit: 2, [128, 226]
dilution: 2, [129, 212]
prep: 4, [130, 132, 213, 215]
date: 4, [131, 135, 214, 218]
batch: 4, [133, 137, 216, 220]
analysis: 4, [134, 136, 217, 219]
28: 1, [138]
tetrachloroethene: 1, [139]
6100: 1, [140]
yg/kg: 5, [141, 241, 249, 293, 304]
50: 2, [142, 161]
10: 6, [143, 153, 162, 173, 183, 193]
08/06/12: 29, [144, 146, 154, 156, 163, 165, 174, 176, 184, 186, 194, 196, 228, 230, 244, 252, 254, 263, 265, 274, 276, 285, 287, 296, 298, 307, 309, 318, 320]
vi12ho6b: 10, [145, 155, 157, 164, 175, 177, 185, 187, 195, 197]
vi42ho6b: 2, [147, 166]
30: 1, [148]
1,2,4trichlorobenzene: 1, [149]
5200: 1, [150]
ug/kg: 5, [151, 171, 260, 271, 315]
250: 1, [152]
321,1,2trichloroethane: 1, [158]
5700: 1, [159]
g/kg: 4, [160, 181, 191, 282]
34: 1, [167]
1,2,3trimethylbenzene: 1, [168]
nn: 1, [169]
5300: 2, [170, 180]
100: 2, [172, 182]
36: 1, [178]
1,3,5trimethylbenzene: 1, [179]
38: 1, [188]
xylenes: 1, [189]
15000: 1, [190]
150: 1, [192]
polynuclear: 1, [198]
aromatic: 1, [199]
hydrocarbons: 1, [200]
pnas: 1, [201]
3546/epa: 1, [203]
8270c: 1, [204]
511460064: 1, [207]
bda: 1, [211]
ps12ho06g: 1, [229]
ne: 1, [233]
sim: 9, [234, 239, 247, 258, 269, 280, 291, 302, 313]
s512h: 1, [235]
512ho6b: 8, [236, 255, 266, 277, 288, 299, 310, 321]
acenaphthylene: 1, [238]
4500: 1, [240]
330: 8, [242, 250, 261, 272, 283, 294, 305, 316]
20: 8, [243, 251, 262, 273, 284, 295, 306, 317]
4,: 1, [245]
benzoaanthracene: 1, [246]
5400: 1, [248]
ps12h06g: 2, [253, 275]
6: 1, [256]
benzobfluoranthene: 1, [257]
6000: 2, [259, 281]
ps12ho6g: 5, [264, 286, 297, 308, 319]
benzokfluoranthene: 1, [268]
5800: 1, [270]
10: 1, [278]
dibenzoa,hanthracene: 1, [279]
12: 1, [289]
fluorene: 1, [290]
5000: 1, [292]
14: 1, [300]
2methyinaphthalene: 1, [301]
4700: 1, [303]
16: 1, [311]
pyrene: 1, [312]
5600: 1, [314]
1914: 1, [322]
holloway: 1, [323]
drive: 1, [324]
holt,: 1, [325]
mi: 3, [326, 339, 352]
48842: 1, [327]
t: 3, [328, 341, 354]
517: 2, [329, 332]
6990345: 1, [330]
f: 1, [331]
6990388: 1, [333]
11766: 1, [334]
e: 1, [335]
grand: 1, [336]
river: 1, [337]
brighton,: 1, [338]
48116: 1, [340]
810: 2, [342, 345]
2203300: 1, [343]
f: 2, [344, 357]
2203311: 1, [346]
8660: 1, [347]
s: 1, [348]
mackinaw: 1, [349]
trail: 1, [350]
cadillac,: 1, [351]
49601: 1, [353]
231: 2, [355, 358]
7758368: 1, [356]
7758584: 1, [359]
dcsid: 1, [360]
g61013: 1, [361]
03/21/11: 1, [362]
jabfibertecus: 1, [363]
rsn: 1, [364]
51146120809101934: 1, [365]
