analytical: 1, [1]
laboratory: 3, [2, 8, 18]
report: 2, [3, 89]
order: 1, [4]
51148: 2, [5, 11]
bertec: 1, [7]
project: 3, [9, 44, 54]
number: 2, [10, 20]
bape: 1, [12]
s18: 1, [13]
environmental: 1, [14]
date: 2, [15, 51]
08/03/12: 1, [16]
services: 1, [17]
sample: 5, [19, 29, 47, 57, 63]
51148001: 2, [21, 115]
client: 3, [22, 43, 53]
identification: 1, [23]
akt: 1, [25]
peerless: 1, [26]
environ: 1, [27]
svcs,: 1, [28]
description: 1, [30]
ust2: 1, [31]
east: 1, [32]
bottom: 1, [33]
6: 1, [34]
chain: 1, [35]
custody: 1, [37]
115036: 1, [38]
inc: 1, [39]
farm: 1, [41]
hills: 1, [42]
name: 1, [45]
6513f3370: 1, [46]
no: 2, [48, 55]
collect: 2, [50, 60]
07/26/12: 1, [52]
na: 2, [56, 62]
matrix: 3, [58, 116, 206]
soil/solid: 3, [59, 117, 207]
time: 1, [61]
comments: 1, [64]
soil: 1, [66]
results: 1, [67]
calculated: 1, [70]
reported: 1, [72]
dry: 1, [75]
weight: 1, [76]
basis: 1, [77]
unless: 1, [78]
otherwise: 1, [79]
noted: 1, [80]
definitions: 1, [81]
q: 1, [82]
qualifier: 1, [83]
definitions: 1, [85]
na: 1, [90]
not: 1, [91]
applicable: 1, [92]
nn: 1, [93]
parameter: 1, [94]
included: 1, [96]
nelac: 1, [98]
scope: 1, [99]
analysis: 1, [101]
ust: 1, [102]
used: 1, [104]
motor: 1, [105]
oils: 1, [106]
volatiles,: 1, [108]
5035: 1, [109]
epa: 2, [110, 200]
5035/epa: 1, [111]
8260b: 1, [112]
aliquot: 2, [113, 203]
id: 2, [114, 204]
analyst: 2, [118, 208]
jpl: 1, [119]
parameters: 2, [120, 210]
result: 2, [121, 211]
units: 2, [123, 213]
reporting: 2, [124, 214]
limit: 2, [125, 215]
dilution: 2, [126, 216]
prep: 4, [127, 129, 217, 219]
date: 4, [128, 132, 218, 222]
batch: 4, [130, 134, 220, 224]
analysis: 4, [131, 133, 221, 223]
28: 1, [135]
tetrachloroethene: 1, [136]
g/kg: 5, [138, 148, 228, 238, 278]
50: 2, [139, 159]
10: 14, [140, 150, 160, 171, 181, 191, 230, 240, 250, 260, 270, 280, 290, 300]
08/01/12: 20, [141, 143, 151, 153, 161, 163, 172, 174, 182, 184, 192, 194, 231, 241, 251, 261, 271, 281, 291, 301]
vi12ho1a: 8, [142, 154, 162, 175, 183, 185, 193, 195]
vi42ho1a: 2, [144, 164]
30: 1, [145]
1,2,4trichlorobenzene: 1, [146]
250: 1, [149]
vi12ho1a: 1, [152]
32: 1, [155]
1,1,2trichloroethane: 1, [156]
ug/kg: 7, [158, 169, 248, 258, 268, 288, 298]
34,: 1, [165]
1,2,3trimethylbenzene: 1, [166]
nn: 1, [167]
100: 2, [170, 180]
vi12ho1a,: 1, [173]
36: 1, [176]
1,3,5trimethylbenzene: 1, [177]
yg/kg: 2, [179, 189]
38: 1, [186]
xylenes: 1, [187]
150: 1, [190]
polynuclear: 1, [196]
aromatic: 1, [197]
hydrocarbons: 1, [198]
pnas: 1, [199]
3546/epa: 1, [201]
8270c: 1, [202]
51148001a: 1, [205]
tmc: 1, [209]
acenaphthylene: 1, [226]
330: 8, [229, 239, 249, 259, 269, 279, 289, 299]
ps12h011: 8, [232, 242, 252, 262, 272, 282, 292, 302]
08/02/12: 8, [233, 243, 253, 263, 273, 283, 293, 303]
112ho2a: 8, [234, 244, 254, 264, 274, 284, 294, 304]
benzoaanthracene: 1, [236]
benzobfluoranthene: 1, [246]
benzokfluoranthene: 1, [256]
10: 1, [265]
dibenzoa,hanthracene: 1, [266]
12: 1, [275]
fluorene: 1, [276]
14,: 1, [285]
2methylnaphthalene: 1, [286]
16: 1, [295]
pyrene: 1, [296]
1914: 1, [305]
holloway: 1, [306]
drive: 1, [307]
holt,: 1, [308]
mi: 3, [309, 322, 335]
48842: 1, [310]
t: 3, [311, 324, 337]
817: 1, [312]
6990345: 1, [313]
f: 2, [314, 340]
517: 1, [315]
6990388: 1, [316]
11766: 1, [317]
e: 1, [318]
grand: 1, [319]
river: 1, [320]
brighton,: 1, [321]
48116: 1, [323]
810: 2, [325, 328]
2203300: 1, [326]
f: 1, [327]
2203311: 1, [329]
8660: 1, [330]
s: 1, [331]
mackinaw: 1, [332]
trail: 1, [333]
cadillac,: 1, [334]
49601: 1, [336]
231: 2, [338, 341]
7758368: 1, [339]
7758584: 1, [342]
dcsid: 1, [343]
g61013: 1, [344]
03/21/11: 1, [345]
labfibertecus: 1, [346]
rsn: 1, [347]
51148120803133713: 1, [348]
