order: 1, [0]
51148: 2, [1, 16]
fi: 1, [2]
rte: 1, [4]
cc: 1, [5]
analytical: 1, [6]
laboratory: 3, [7, 13, 23]
report: 2, [8, 77]
page: 1, [9]
13: 1, [10]
14: 1, [12]
project: 3, [14, 47, 57]
number: 2, [15, 25]
environmental: 1, [17]
ry: 1, [18]
proje: 1, [19]
date: 2, [20, 54]
08/03/12: 1, [21]
services: 1, [22]
sample: 5, [24, 34, 50, 60, 67]
51148006: 2, [26, 101]
client: 3, [27, 46, 56]
identification: 1, [28]
akt: 1, [30]
peerless: 1, [31]
environ: 1, [32]
svcs,: 1, [33]
description: 1, [35]
trip: 1, [36]
blank: 1, [37]
chain: 1, [38]
custody: 1, [40]
115036: 1, [41]
inc: 1, [42]
farm: 1, [44]
hills: 1, [45]
name: 1, [48]
6513f3370: 1, [49]
no: 2, [51, 58]
collect: 2, [53, 64]
07/26/12: 1, [55]
na: 2, [59, 66]
matrix: 2, [61, 102]
ground: 2, [62, 103]
water: 2, [63, 104]
time: 1, [65]
comments: 1, [68]
definitions: 1, [69]
q: 1, [70]
qualifier: 1, [71]
definitions: 1, [73]
na: 1, [78]
not: 1, [79]
applicable: 1, [80]
nn: 1, [81]
parameter: 1, [82]
included: 1, [84]
nelac: 1, [86]
scope: 1, [87]
analysis: 1, [89]
volatile: 1, [90]
organic: 1, [91]
compounds: 1, [92]
vocs: 1, [93]
gc/ms: 1, [95]
epa: 1, [96]
5030b/epa: 1, [97]
8260b: 1, [98]
aliquot: 1, [99]
id: 1, [100]
analyst: 1, [105]
hnb: 1, [106]
parameters: 1, [107]
result: 1, [108]
units: 1, [110]
reporting: 1, [111]
limit: 1, [112]
dilution: 1, [113]
prep: 2, [114, 116]
date: 2, [115, 119]
batch: 2, [117, 121]
analysis: 2, [118, 120]
40: 1, [122]
methylene: 1, [123]
chloride: 2, [124, 227]
yg/l: 8, [126, 146, 156, 166, 186, 198, 208, 218]
50: 2, [127, 147]
10: 19, [128, 138, 148, 157, 158, 167, 168, 177, 178, 187, 188, 199, 200, 209, 210, 219, 220, 230, 231]
07/31/12: 22, [129, 131, 139, 141, 149, 151, 159, 161, 169, 171, 179, 181, 189, 191, 201, 203, 211, 213, 221, 223, 232, 234]
vb12g31b: 22, [130, 132, 140, 142, 150, 152, 160, 162, 170, 172, 180, 182, 190, 192, 202, 204, 212, 214, 222, 224, 233, 235]
42: 1, [133]
4methyl2pentanone: 1, [134]
pg/l: 1, [136]
50: 1, [137]
44,: 1, [143]
naphthalene: 1, [144]
46: 1, [153]
styrene: 1, [154]
48: 1, [163]
1,1,2,2tetrachloroethane: 1, [164]
50: 1, [173]
toluene: 1, [174]
ug/l: 1, [176]
52: 1, [183]
1,1,1trichloroethane: 1, [184]
‘richlor: 1, [194]
54,: 1, [195]
trichloroethene: 1, [196]
56: 1, [205]
1,2,3trichloropropane: 1, [206]
58: 1, [215]
1,2,4trimethylbenzene: 1, [216]
60: 1, [225]
vinyl: 1, [226]
hg/l: 1, [229]
1914: 1, [236]
holloway: 1, [237]
drive: 1, [238]
holt,: 1, [239]
mi: 3, [240, 253, 265]
48842: 1, [241]
t: 3, [242, 255, 267]
817: 1, [243]
6990345: 1, [244]
f: 2, [245, 270]
517: 1, [246]
6990388: 1, [247]
11766: 1, [248]
e: 1, [249]
grand: 1, [250]
river: 1, [251]
brighton,: 1, [252]
48116: 1, [254]
810: 2, [256, 259]
2203300: 1, [257]
f: 1, [258]
2203311: 1, [260]
8660s: 1, [261]
mackinaw: 1, [262]
trail: 1, [263]
cadillac,: 1, [264]
49601: 1, [266]
231: 2, [268, 271]
7758368: 1, [269]
7758584: 1, [272]
dcsid: 1, [273]
g61013: 1, [274]
03/21/11: 1, [275]
labefibertecus: 1, [276]
rsn: 1, [277]
51148120803133713: 1, [278]
