analytical: 1, [1]
laboratory: 3, [2, 7, 17]
report: 2, [3, 85]
order: 1, [4]
51146: 2, [5, 10]
fibertec: 1, [6]
project: 3, [8, 40, 50]
number: 2, [9, 19]
faas: 1, [11]
jets: 1, [12]
environmental: 1, [13]
date: 2, [14, 47]
08/09/12: 1, [15]
services: 1, [16]
sample: 5, [18, 28, 43, 53, 59]
51146007: 2, [20, 178]
client: 3, [21, 39, 49]
identification: 1, [22]
akt: 1, [24]
peerless: 1, [25]
environ: 1, [26]
svcs,: 1, [27]
description: 1, [29]
dup: 1, [30]
chain: 1, [31]
custody: 1, [33]
115035: 1, [34]
inc: 1, [35]
farm: 1, [37]
hills: 1, [38]
name: 1, [41]
6513f3370: 1, [42]
no: 2, [44, 51]
collect: 2, [46, 56]
07/26/12: 1, [48]
na: 2, [52, 58]
matrix: 4, [54, 107, 136, 179]
soilv/solid: 1, [55]
time: 1, [57]
comments: 1, [60]
soil: 1, [62]
results: 1, [63]
calculated: 1, [66]
reported: 1, [68]
dry: 2, [71, 98]
weight: 2, [72, 99]
basis: 1, [73]
unless: 1, [74]
otherwise: 1, [75]
noted: 1, [76]
definitions: 1, [77]
q: 1, [78]
qualifier: 1, [79]
definitions: 1, [81]
na: 1, [86]
not: 1, [87]
applicable: 1, [88]
nn: 1, [89]
parameter: 1, [90]
included: 1, [92]
nelac: 1, [94]
scope: 1, [95]
analysis: 1, [97]
determination: 1, [100]
astm: 1, [101]
297487: 1, [103]
aliquot: 3, [104, 133, 176]
id: 3, [105, 134, 177]
51146007a: 2, [106, 135]
soil/solid: 3, [108, 137, 180]
analyst: 3, [109, 138, 181]
bmg: 1, [110]
parameters: 3, [111, 140, 183]
result: 2, [112, 141]
units: 3, [114, 143, 186]
reporting: 3, [115, 144, 187]
limit: 3, [116, 145, 188]
dilution: 3, [117, 146, 189]
prep: 6, [118, 120, 147, 149, 190, 192]
date: 6, [119, 123, 148, 152, 191, 195]
batch: 6, [121, 125, 150, 154, 193, 197]
analysis: 6, [122, 124, 151, 153, 194, 196]
trace: 1, [126]
elements: 1, [127]
icp/ms: 1, [129]
epa: 2, [130, 173]
02002m/epa: 1, [131]
6020a: 1, [132]
jlh: 1, [139]
chromium: 1, [156]
8600: 1, [157]
ug/kg: 10, [158, 211, 221, 251, 261, 271, 282, 303, 314, 323]
500: 1, [159]
20: 1, [160]
08/08/12: 2, [161, 163]
pt12ho8f: 1, [162]
t212ho8a: 1, [164]
ust: 1, [165]
used: 1, [167]
motor: 1, [168]
oils: 1, [169]
volatiles,: 1, [171]
5035: 1, [172]
5035/epa: 1, [174]
8260b: 1, [175]
hls: 1, [182]
resut: 1, [184]
bromodichloromethane: 1, [199]
yg/kg: 2, [201, 293]
100: 5, [202, 242, 252, 315, 324]
10: 13, [203, 213, 223, 233, 243, 253, 263, 273, 284, 295, 305, 316, 325]
08/06/12: 26, [204, 206, 214, 216, 224, 226, 234, 236, 244, 246, 254, 256, 264, 266, 274, 276, 285, 287, 296, 298, 306, 308, 317, 319, 326, 328]
vi12ho6b: 23, [205, 207, 215, 217, 225, 227, 235, 237, 245, 247, 255, 265, 275, 286, 288, 297, 299, 307, 309, 318, 320, 327, 329]
4: 1, [208]
bromomethane: 1, [209]
200: 1, [212]
chlorobenzene: 1, [219]
50: 7, [222, 232, 262, 272, 283, 294, 304]
chloroform: 1, [229]
g/kg: 2, [231, 241]
10: 1, [238]
dibromochloromethane: 1, [239]
12: 1, [248]
1,3dichlorobenzene: 1, [249]
vi42ho6b: 3, [257, 267, 277]
14,: 1, [258]
1,1dichloroethane: 1, [259]
16: 1, [268]
1,1dichloroethene: 1, [269]
18: 1, [278]
trans1: 1, [279]
,2dichloroethene: 1, [280]
20: 1, [289]
cis1: 1, [290]
,3dichloropropene: 1, [291]
22: 1, [300]
ethylbenzene: 1, [301]
24: 1, [310]
methylene: 1, [311]
chloride: 1, [312]
660: 1, [313]
261,1,1,2tetrachloroethane: 1, [321]
1914: 1, [330]
holloway: 1, [331]
drive: 1, [332]
holt,: 1, [333]
mi: 3, [334, 347, 360]
48842: 1, [335]
t: 3, [336, 349, 362]
617: 1, [337]
6990345: 1, [338]
f: 3, [339, 352, 365]
517: 1, [340]
6990388: 1, [341]
11766: 1, [342]
e: 1, [343]
grand: 1, [344]
river: 1, [345]
brighton,: 1, [346]
48116: 1, [348]
810: 2, [350, 353]
2203300: 1, [351]
2203311: 1, [354]
8660: 1, [355]
s: 1, [356]
mackinaw: 1, [357]
trail: 1, [358]
cadillac,: 1, [359]
49601: 1, [361]
231: 2, [363, 366]
7758368: 1, [364]
7758584: 1, [367]
dcsid: 1, [368]
g61013: 1, [369]
03/21/11: 1, [370]
labefibertecus: 1, [371]
rsn: 1, [372]
51146120809101934: 1, [373]
