fib: 1, [0]
rt: 1, [1]
analytical: 1, [2]
laboratory: 3, [3, 8, 20]
report: 2, [4, 91]
order: 1, [5]
51146: 2, [6, 11]
2erlec: 1, [7]
project: 3, [9, 46, 56]
number: 2, [10, 22]
page: 1, [12]
16: 1, [15]
environmental: 1, [16]
date: 2, [17, 53]
08/09/12: 1, [18]
services: 1, [19]
sample: 5, [21, 31, 49, 59, 65]
51146004: 2, [23, 117]
client: 3, [24, 45, 55]
identification: 1, [25]
akt: 1, [27]
peerless: 1, [28]
environ: 1, [29]
svcs,: 1, [30]
description: 1, [32]
ust2: 1, [33]
west: 1, [34]
wall: 1, [35]
3: 1, [36]
chain: 1, [37]
custody: 1, [39]
115035: 1, [40]
inc: 1, [41]
farm: 1, [43]
hills: 1, [44]
name: 1, [47]
6513f3370: 1, [48]
no: 2, [50, 57]
collect: 2, [52, 62]
07/26/12: 1, [54]
na: 2, [58, 64]
matrix: 3, [60, 118, 229]
soil/solid: 3, [61, 119, 230]
time: 1, [63]
comments: 1, [66]
soil: 1, [68]
results: 1, [69]
calculated: 1, [72]
reported: 1, [74]
dry: 1, [77]
weight: 1, [78]
basis: 1, [79]
unless: 1, [80]
otherwise: 1, [81]
noted: 1, [82]
definitions: 1, [83]
q: 1, [84]
qualifier: 1, [85]
definitions: 1, [87]
na: 1, [92]
not: 1, [93]
applicable: 1, [94]
nn: 1, [95]
parameter: 1, [96]
included: 1, [98]
nelac: 1, [100]
scope: 1, [101]
analysis: 1, [103]
ust: 1, [104]
used: 1, [106]
motor: 1, [107]
oils: 1, [108]
volatiles,: 1, [110]
5035: 1, [111]
epa: 2, [112, 222]
5035/epa: 1, [113]
8260b: 1, [114]
aliquot: 2, [115, 225]
id: 2, [116, 226]
analyst: 2, [120, 231]
hls: 1, [121]
parameters: 2, [122, 234]
result: 2, [123, 235]
units: 2, [125, 237]
reporting: 2, [126, 238]
limit: 2, [127, 239]
dilution: 2, [128, 240]
prep: 4, [129, 131, 241, 243]
date: 4, [130, 134, 242, 246]
batch: 4, [132, 136, 244, 248]
analysis: 4, [133, 135, 245, 247]
28: 1, [137]
tetrachloroethene: 1, [138]
g/kg: 3, [140, 264, 308]
50: 2, [141, 161]
10: 14, [142, 152, 162, 181, 196, 213, 255, 266, 277, 288, 299, 310, 321, 332]
08/06/12: 28, [143, 145, 153, 155, 163, 165, 182, 184, 197, 199, 214, 216, 256, 258, 267, 269, 278, 280, 289, 291, 300, 302, 311, 313, 322, 324, 333, 335]
vi12ho6b: 9, [144, 146, 156, 164, 166, 183, 185, 198, 217]
30: 1, [147]
1,2,4trichlorobenzene: 1, [148]
yg/kg: 6, [150, 160, 179, 194, 211, 297]
250: 1, [151]
vii12ho6b: 1, [154]
32: 1, [157]
1,1,2trichloroethane: 1, [158]
33: 1, [167]
trichlowethene: 1, [168]
gg: 2, [170, 203]
8008/0812: 1, [171]
vinzhobb: 1, [172]
08/0612: 2, [173, 206]
—vi12hobb: 1, [174]
34: 1, [175]
1,2,3trimethylbenzene: 1, [176]
nn: 1, [177]
100: 2, [180, 195]
361,24trimethylbenzene: 1, [186]
ugg: 1, [187]
100008012: 1, [188]
vinzhobbob/ob/12: 1, [189]
viz: 1, [190]
36: 1, [191]
1,3,5trimethyilbenzene: 1, [192]
vi42ho6b: 1, [200]
37vin: 1, [201]
chloride: 1, [202]
080612: 1, [204]
vitzhobb: 2, [205, 207]
38: 1, [208]
xylenes: 1, [209]
150: 1, [212]
vi12ho6b: 1, [215]
polynuclear: 1, [218]
aromatic: 1, [219]
hydrocarbons: 1, [220]
pnas: 1, [221]
3546/epa: 1, [223]
8270c: 1, [224]
51: 1, [227]
1460044: 1, [228]
bda: 1, [232]
acenaphthylene: 1, [250]
sim: 8, [251, 262, 273, 284, 295, 306, 317, 328]
uu: 1, [252]
ug/kg: 4, [253, 275, 286, 330]
330: 8, [254, 265, 276, 287, 298, 309, 320, 331]
ps12ho6g: 8, [257, 268, 279, 290, 301, 312, 323, 334]
512ho6b: 8, [259, 270, 281, 292, 303, 314, 325, 336]
benzoaanthracene: 1, [261]
benzobfluoranthene: 1, [272]
benzokfluoranthene: 1, [283]
10: 1, [293]
dibenzoa,hanthracene: 1, [294]
12: 1, [304]
fluorene: 1, [305]
14: 1, [315]
2methyinaphthalene: 1, [316]
hg/kg: 1, [319]
16: 1, [326]
pyrene: 1, [327]
1914: 1, [337]
holloway: 1, [338]
drive: 1, [339]
holt,: 1, [340]
mi: 3, [341, 354, 367]
48842: 1, [342]
t: 1, [343]
517: 2, [344, 347]
6990345: 1, [345]
f: 3, [346, 359, 372]
6990388: 1, [348]
11766: 1, [349]
e: 1, [350]
grand: 1, [351]
river: 1, [352]
brighton,: 1, [353]
48116: 1, [355]
t: 2, [356, 369]
810: 2, [357, 360]
2203300: 1, [358]
2203311: 1, [361]
8660: 1, [362]
s: 1, [363]
mackinaw: 1, [364]
trail: 1, [365]
cadillac,: 1, [366]
49601: 1, [368]
231: 2, [370, 373]
7758368: 1, [371]
7758584: 1, [374]
dcsid: 1, [375]
g61013: 1, [376]
03/21/11: 1, [377]
labefibertecus: 1, [378]
rsn: 1, [379]
51146120809101934: 1, [380]
