analytical: 1, [0]
laboratory: 3, [1, 13, 20]
report: 2, [2, 90]
order: 1, [3]
51146: 2, [4, 16]
fibertec: 1, [5]
rato: 1, [6]
page: 1, [8]
16: 2, [11, 297]
environmental: 1, [12]
project: 3, [14, 46, 56]
number: 2, [15, 22]
date: 2, [17, 53]
08/09/12: 1, [18]
services: 1, [19]
sample: 5, [21, 31, 49, 59, 65]
511460041: 1, [23]
client: 3, [25, 45, 55]
identification: 1, [26]
akt: 1, [27]
peerless: 1, [28]
environ: 1, [29]
svcs,: 1, [30]
description: 1, [32]
ust2: 1, [33]
north: 1, [34]
wall: 1, [35]
3°: 1, [36]
chain: 1, [37]
custody: 1, [39]
115035: 1, [40]
inc: 1, [41]
farm: 1, [43]
hills: 1, [44]
name: 1, [47]
6513f3370: 1, [48]
no: 2, [50, 57]
collect: 2, [52, 62]
07/26/12: 1, [54]
na: 2, [58, 64]
matrix: 3, [60, 118, 208]
soil/solid: 3, [61, 119, 209]
time: 1, [63]
comments: 1, [66]
soil: 1, [67]
results: 1, [68]
calculated: 1, [71]
reported: 1, [73]
dry: 1, [76]
weight: 1, [77]
basis: 1, [78]
unless: 1, [79]
otherwise: 1, [80]
noted: 1, [81]
definitions: 1, [82]
q: 1, [83]
qualifier: 1, [84]
definitions: 1, [86]
na: 1, [91]
not: 1, [92]
applicable: 1, [93]
nn: 1, [94]
parameter: 1, [95]
included: 1, [97]
nelac: 1, [99]
scope: 1, [100]
analysis: 1, [102]
ust: 1, [103]
used: 1, [105]
motor: 1, [106]
oils: 1, [107]
volatiles,: 1, [109]
5035: 1, [110]
epa: 2, [111, 202]
5035/epa: 1, [112]
8260b: 1, [113]
aliquot: 2, [115, 205]
id: 2, [116, 206]
51146001: 1, [117]
analyst: 2, [120, 210]
hls: 1, [121]
parameters: 2, [122, 212]
result: 2, [123, 213]
units: 2, [125, 215]
reporting: 2, [126, 216]
limit: 2, [127, 217]
dilution: 2, [128, 218]
prep: 4, [129, 131, 219, 221]
date: 4, [130, 134, 220, 224]
batch: 4, [132, 136, 222, 226]
analysis: 4, [133, 135, 223, 225]
28: 1, [137]
tetrachloroethene: 1, [138]
g/kg: 13, [140, 150, 160, 171, 181, 191, 230, 240, 250, 260, 270, 290, 300]
50: 2, [141, 161]
10: 14, [142, 152, 162, 173, 183, 193, 232, 242, 252, 262, 272, 282, 292, 302]
08/06/12: 28, [143, 145, 153, 155, 163, 165, 174, 176, 184, 186, 194, 196, 233, 235, 243, 245, 253, 255, 263, 265, 273, 275, 283, 285, 293, 295, 303, 305]
vi42ho6b: 1, [144]
vi12ho6b: 10, [146, 154, 156, 164, 175, 177, 185, 187, 195, 197]
30: 1, [147]
1,2,4trichlorobenzene: 1, [148]
250: 1, [151]
32: 1, [157]
1,1,2trichloroethane: 1, [158]
vin2ho6b: 1, [166]
34,: 1, [167]
1,2,3trimethylbenzene: 1, [168]
nn: 1, [169]
100: 2, [172, 182]
36: 1, [178]
1,3,5trimethylbenzene: 1, [179]
38: 1, [188]
xylenes: 1, [189]
150: 1, [192]
polynuclear: 1, [198]
aromatic: 1, [199]
hydrocarbons: 1, [200]
pnas: 1, [201]
3546/epa: 1, [203]
8270c: 1, [204]
51146001a: 1, [207]
tmc: 1, [211]
acenaphthylene: 1, [228]
330: 8, [231, 241, 251, 261, 271, 281, 291, 301]
ps12ho6g: 6, [234, 244, 254, 284, 294, 304]
112ho6a: 5, [236, 246, 256, 266, 306]
4,: 1, [237]
benzoaanthracene: 1, [238]
6: 1, [247]
benzobfluoranthene: 1, [248]
benzokfluoranthene: 1, [258]
ps12h06g: 1, [264]
10: 1, [267]
dibenzoa,hanthracene: 1, [268]
ps12ho06g: 1, [274]
s112ho6a: 3, [276, 286, 296]
12: 1, [277]
fluorene: 1, [278]
yg/kg: 1, [280]
14,: 1, [287]
2methylnaphthalene: 1, [288]
pyrene: 1, [298]
1914: 1, [307]
holloway: 1, [308]
drive: 1, [309]
holt,: 1, [310]
mi: 3, [311, 324, 337]
48842: 1, [312]
t: 3, [313, 326, 339]
517: 2, [314, 317]
6990345: 1, [315]
f: 2, [316, 342]
6990388: 1, [318]
11766: 1, [319]
e: 1, [320]
grand: 1, [321]
river: 1, [322]
brighton,: 1, [323]
48116: 1, [325]
810: 2, [327, 330]
2203300: 1, [328]
f: 1, [329]
2203311: 1, [331]
8660: 1, [332]
s: 1, [333]
mackinaw: 1, [334]
trail: 1, [335]
cadillac,: 1, [336]
49601: 1, [338]
231: 2, [340, 343]
7758368: 1, [341]
7758584: 1, [344]
dcsid: 1, [345]
g61013: 1, [346]
03/21/11: 1, [347]
labefibertecus: 1, [348]
rsn: 1, [349]
51146120809101934: 1, [350]
