analytical: 1, [0]
laboratory: 3, [1, 6, 20]
report: 2, [2, 87]
order: 1, [3]
51148: 2, [4, 9]
fibertec: 1, [5]
project: 3, [7, 43, 53]
number: 2, [8, 22]
page: 1, [10]
11: 1, [12]
14: 1, [14]
environmental: 1, [15]
ps: 1, [16]
date: 2, [17, 50]
08/03/12: 1, [18]
services: 1, [19]
sample: 5, [21, 31, 46, 56, 62]
51148005: 2, [23, 113]
client: 3, [24, 42, 52]
identification: 1, [25]
akt: 1, [27]
peerless: 1, [28]
environ: 1, [29]
svcs,: 1, [30]
description: 1, [32]
dup: 1, [33]
chain: 1, [34]
custody: 1, [36]
115036: 1, [37]
inc: 1, [38]
farm: 1, [40]
hills: 1, [41]
name: 1, [44]
6513f3370: 1, [45]
no: 2, [47, 54]
collect: 2, [49, 59]
07/26/12: 1, [51]
na: 2, [55, 61]
matrix: 3, [57, 114, 204]
soiv/solid: 1, [58]
time: 1, [60]
comments: 1, [63]
soil: 1, [64]
results: 1, [65]
calculated: 1, [68]
reported: 1, [70]
dry: 1, [73]
weight: 1, [74]
basis: 1, [75]
unless: 1, [76]
otherwise: 1, [77]
noted: 1, [78]
definitions: 1, [79]
q: 1, [80]
qualifier: 1, [81]
definitions: 1, [83]
na: 1, [88]
not: 1, [89]
applicable: 1, [90]
nn: 1, [91]
parameter: 1, [92]
included: 1, [94]
nelac: 1, [96]
scope: 1, [97]
analysis: 1, [99]
ust: 1, [100]
used: 1, [102]
motor: 1, [103]
oils: 1, [104]
volatiles,: 1, [106]
5035: 1, [107]
epa: 2, [108, 198]
5035/epa: 1, [109]
8260b: 1, [110]
aliquot: 2, [111, 201]
id: 2, [112, 202]
soil/solid: 2, [115, 205]
analyst: 2, [116, 206]
jpl: 1, [117]
parameters: 2, [118, 208]
result: 1, [119]
units: 2, [121, 211]
reporting: 2, [122, 212]
limit: 2, [123, 213]
dilution: 2, [124, 214]
prep: 4, [125, 127, 215, 217]
date: 4, [126, 130, 216, 220]
batch: 4, [128, 132, 218, 222]
analysis: 4, [129, 131, 219, 221]
28: 1, [133]
tetrachloroethene: 1, [134]
yg/kg: 1, [136]
50: 2, [137, 157]
10: 14, [138, 148, 158, 169, 179, 189, 228, 238, 248, 258, 268, 278, 288, 298]
08/01/12: 20, [139, 141, 149, 151, 159, 161, 170, 172, 180, 182, 190, 192, 229, 239, 249, 259, 269, 279, 289, 299]
vi12ho1a: 11, [140, 142, 150, 152, 160, 162, 173, 181, 183, 191, 193]
30: 1, [143]
1,2,4trichlorobenzene: 1, [144]
g/kg: 8, [146, 156, 167, 177, 187, 226, 236, 286]
250: 1, [147]
32: 1, [153]
1,1,2trichloroethane: 1, [154]
34,: 1, [163]
1,2,3trimethylbenzene: 1, [164]
nn: 1, [165]
100: 2, [168, 178]
vi12ho1a: 1, [171]
36: 1, [174]
1,3,5trimethylbenzene: 1, [175]
38: 1, [184]
xylenes: 1, [185]
150: 1, [188]
polynuclear: 1, [194]
aromatic: 1, [195]
hydrocarbons: 1, [196]
pnas: 1, [197]
3546/epa: 1, [199]
8270c: 1, [200]
51148005a: 1, [203]
tmc: 1, [207]
resutt: 1, [209]
acenaphthylene: 1, [224]
330: 8, [227, 237, 247, 257, 267, 277, 287, 297]
ps12h011: 8, [230, 240, 250, 260, 270, 280, 290, 300]
08/02/12: 8, [231, 241, 251, 261, 271, 281, 291, 301]
112ho2a: 7, [232, 242, 252, 262, 282, 292, 302]
benzoaanthracene: 1, [234]
benzobfluoranthene: 1, [244]
ug/kg: 5, [246, 256, 266, 276, 296]
benzokfluoranthene: 1, [254]
10: 1, [263]
dibenzoa,hanthracene: 1, [264]
112h02a: 1, [272]
12: 1, [273]
fluorene: 1, [274]
14,: 1, [283]
2methylnaphthalene: 1, [284]
16: 1, [293]
pyrene: 1, [294]
1914: 1, [303]
holloway: 1, [304]
drive: 1, [305]
holt,: 1, [306]
mi: 3, [307, 320, 333]
48842: 1, [308]
t: 3, [309, 322, 335]
517: 1, [310]
6990345: 1, [311]
f: 3, [312, 325, 338]
17: 1, [313]
6990388: 1, [314]
11766: 1, [315]
e: 1, [316]
grand: 1, [317]
river: 1, [318]
brighton,: 1, [319]
48116: 1, [321]
810: 2, [323, 326]
2203300: 1, [324]
2203311: 1, [327]
8660: 1, [328]
s: 1, [329]
mackinaw: 1, [330]
trail: 1, [331]
cadillac,: 1, [332]
49601: 1, [334]
231: 2, [336, 339]
7758368: 1, [337]
7758584: 1, [340]
dcsid: 1, [341]
g61013: 1, [342]
03/21/11: 1, [343]
labefibertecus: 1, [344]
rsn: 1, [345]
51148120803133713: 1, [346]
