fi: 1, [0]
ert: 1, [2]
ec: 1, [3]
analytical: 1, [4]
laboratory: 3, [5, 10, 17]
report: 2, [6, 71]
sina: 1, [7]
hae: 1, [8]
environmental: 1, [9]
project: 3, [11, 41, 51]
number: 2, [12, 19]
1148: 1, [13]
date: 2, [14, 48]
08/03/12: 1, [15]
services: 1, [16]
sample: 5, [18, 28, 44, 54, 61]
51148006: 2, [20, 95]
client: 3, [21, 40, 50]
identification: 1, [22]
akt: 1, [24]
peerless: 1, [25]
environ: 1, [26]
svcs,: 1, [27]
description: 1, [29]
trip: 1, [30]
blank: 1, [31]
chain: 1, [32]
custody: 1, [34]
115036: 1, [35]
inc: 1, [36]
farm: 1, [38]
hills: 1, [39]
name: 1, [42]
6513f3370: 1, [43]
no: 2, [45, 52]
collect: 2, [47, 58]
07/26/12: 1, [49]
na: 2, [53, 60]
matrix: 2, [55, 96]
ground: 2, [56, 97]
water: 2, [57, 98]
time: 1, [59]
comments: 1, [62]
definitions: 1, [63]
q: 1, [64]
qualifier: 1, [65]
definitions: 1, [67]
na: 1, [72]
not: 1, [73]
applicable: 1, [74]
nn: 1, [75]
parameter: 1, [76]
included: 1, [78]
nelac: 1, [80]
scope: 1, [81]
analysis: 1, [83]
volatile: 1, [84]
organic: 1, [85]
compounds: 1, [86]
vocs: 1, [87]
gc/ms: 1, [89]
epa: 1, [90]
5030b/epa: 1, [91]
8260b: 1, [92]
aliquot: 1, [93]
id: 1, [94]
analyst: 1, [99]
hnb: 1, [100]
parameters: 1, [101]
result: 1, [102]
units: 1, [104]
reporting: 1, [105]
limit: 1, [106]
dilution: 1, [107]
prep: 2, [108, 110]
date: 2, [109, 113]
batch: 2, [111, 115]
analysis: 2, [112, 114]
1: 1, [116]
acetone: 1, [117]
hg/l: 2, [119, 371]
50: 2, [120, 481]
10: 64, [121, 131, 140, 141, 150, 151, 160, 161, 170, 171, 180, 181, 191, 201, 210, 211, 220, 221, 230, 231, 242, 252, 253, 262, 263, 273, 282, 283, 293, 303, 313, 322, 323, 333, 342, 343, 352, 353, 362, 363, 373, 381, 382, 390, 391, 400, 401, 410, 411, 420, 421, 430, 431, 440, 441, 450, 451, 460, 461, 471, 472, 482, 492, 503]
07/31/12: 75, [122, 124, 132, 134, 142, 144, 152, 154, 162, 164, 172, 174, 182, 184, 192, 194, 202, 204, 212, 214, 222, 224, 232, 234, 243, 245, 254, 256, 264, 266, 274, 276, 284, 286, 294, 296, 304, 306, 314, 316, 324, 326, 334, 336, 344, 346, 354, 356, 364, 366, 374, 376, 383, 385, 394, 402, 404, 414, 424, 432, 434, 442, 444, 452, 454, 462, 464, 473, 475, 483, 485, 493, 495, 504, 506]
vb12g31b: 78, [123, 125, 133, 135, 143, 145, 153, 155, 163, 165, 173, 175, 183, 185, 193, 195, 203, 205, 213, 215, 223, 225, 233, 235, 244, 246, 255, 257, 265, 267, 275, 277, 285, 287, 295, 297, 305, 307, 315, 317, 325, 327, 335, 337, 345, 347, 355, 357, 365, 367, 375, 377, 384, 386, 393, 395, 403, 405, 413, 415, 423, 425, 433, 435, 443, 445, 453, 455, 463, 465, 474, 476, 484, 486, 494, 496, 505, 507]
acrylonitrile: 1, [127]
pg/l: 25, [129, 139, 149, 159, 169, 189, 199, 209, 219, 251, 331, 341, 351, 361, 389, 399, 409, 419, 429, 439, 449, 459, 470, 480, 490]
20: 1, [130]
benzene: 1, [137]
4,: 1, [146]
bromobenzene: 1, [147]
5,: 1, [156]
bromochloromethane: 1, [157]
bromodichloromethane: 1, [167]
7: 1, [176]
bromoform: 1, [177]
ug/l: 5, [179, 271, 281, 301, 380]
bromomethane: 1, [187]
50: 10, [190, 241, 272, 292, 302, 312, 332, 372, 491, 502]
2butanone: 1, [197]
25: 1, [200]
10: 1, [206]
nbutylbenzene: 1, [207]
11: 1, [216]
secbutylbenzene: 1, [217]
12: 1, [226]
tertbutylbenzene: 1, [227]
yg/l: 6, [229, 240, 261, 311, 321, 501]
13: 1, [236]
carbon: 2, [237, 248]
disulfide: 1, [238]
14: 1, [247]
tetrachloride: 1, [249]
15: 1, [258]
chlorobenzene: 1, [259]
16: 1, [268]
chloroethane: 1, [269]
17: 1, [278]
chloroform: 1, [279]
18: 1, [288]
chloromethane: 1, [289]
g/l: 1, [291]
19: 1, [298]
2chlorotoluene: 1, [299]
20: 1, [308]
dibromochloromethane: 1, [309]
211,2dibromo3chloropropane: 1, [318]
nn: 1, [319]
22: 1, [328]
dibromomethane: 1, [329]
23: 1, [338]
1,2dichlorobenzene: 1, [339]
24: 1, [348]
1,3dichlorobenzene: 1, [349]
25: 1, [358]
1,4dichlorobenzene: 1, [359]
26: 1, [368]
dichlorodifluoromethane: 1, [369]
271,1dichloroethane: 1, [378]
281,2dichloroethane: 1, [387]
07/3112: 3, [392, 412, 422]
29: 1, [396]
1,1dichloroethene: 1, [397]
30: 1, [406]
cis1,2dichloroethene: 1, [407]
31: 1, [416]
trans1,2dichloroethene: 1, [417]
32: 1, [426]
1,2dichloropropane: 1, [427]
33: 1, [436]
cis1,3dichloropropene: 1, [437]
34: 1, [446]
trans1,3dichloropropene: 1, [447]
35: 1, [456]
ethylbenzene: 1, [457]
36: 1, [466]
ethylene: 1, [467]
dibromide: 1, [468]
37: 1, [477]
2hexanone: 1, [478]
38,: 1, [487]
lsopropyibenzene: 1, [488]
39,: 1, [497]
methyl: 1, [498]
lodide: 1, [499]
1914: 1, [508]
holloway: 1, [509]
drive: 1, [510]
holt,: 1, [511]
mi: 3, [512, 525, 538]
48842: 1, [513]
t: 2, [514, 540]
517: 2, [515, 518]
6990345: 1, [516]
f: 3, [517, 530, 543]
6990388: 1, [519]
11766: 1, [520]
e: 1, [521]
grand: 1, [522]
river: 1, [523]
brighton,: 1, [524]
48116: 1, [526]
t: 1, [527]
810: 2, [528, 531]
2203300: 1, [529]
2203311: 1, [532]
8660: 1, [533]
s: 1, [534]
mackinaw: 1, [535]
trail: 1, [536]
cadillac,: 1, [537]
49601: 1, [539]
231: 2, [541, 544]
7758368: 1, [542]
7758584: 1, [545]
dcsid: 1, [546]
g61013: 1, [547]
03/21/11: 1, [548]
labefibertecus: 1, [549]
rsn: 1, [550]
51148120803133713: 1, [551]
