analytical: 1, [0]
laboratory: 3, [1, 7, 18]
report: 2, [2, 87]
order: 1, [3]
51146: 2, [4, 10]
fi: 1, [5]
bertec: 1, [6]
project: 3, [8, 43, 53]
number: 2, [9, 20]
page: 1, [11]
of6: 1, [13]
environmental: 1, [14]
date: 2, [15, 50]
08/09/12: 1, [16]
services: 1, [17]
sample: 5, [19, 28, 46, 56, 62]
51146004: 2, [21, 180]
client: 3, [22, 42, 52]
identification: 1, [23]
akt: 1, [24]
peerless: 1, [25]
environ: 1, [26]
svcs,: 1, [27]
description: 1, [29]
ust2: 1, [30]
west: 1, [31]
wall: 1, [32]
3°: 1, [33]
chain: 1, [34]
custody: 1, [36]
115035: 1, [37]
inc: 1, [38]
farm: 1, [40]
hills: 1, [41]
name: 1, [44]
6513f3370: 1, [45]
no: 2, [47, 54]
collect: 2, [49, 59]
07/26/12: 1, [51]
na: 2, [55, 61]
matrix: 4, [57, 109, 138, 181]
soil/solid: 4, [58, 110, 139, 182]
time: 1, [60]
comments: 1, [63]
soil: 1, [64]
results: 1, [65]
calculated: 1, [68]
reported: 1, [70]
dry: 2, [73, 100]
weight: 2, [74, 101]
basis: 1, [75]
unless: 1, [76]
otherwise: 1, [77]
noted: 1, [78]
definitions: 1, [79]
q: 1, [80]
qualifier: 1, [81]
definitions: 1, [83]
na: 1, [88]
not: 1, [89]
applicable: 1, [90]
nn: 1, [91]
parameter: 1, [92]
included: 1, [94]
nelac: 1, [96]
scope: 1, [97]
analysis: 1, [99]
determination: 1, [102]
astm: 1, [103]
297487: 1, [105]
aliquot: 3, [106, 135, 178]
id: 3, [107, 136, 179]
51146004a: 2, [108, 137]
analyst: 3, [111, 140, 183]
bmg: 1, [112]
parameters: 3, [113, 142, 185]
result: 3, [114, 143, 186]
units: 3, [116, 145, 188]
reporting: 3, [117, 146, 189]
limit: 3, [118, 147, 190]
dilution: 3, [119, 148, 191]
prep: 6, [120, 122, 149, 151, 192, 194]
date: 6, [121, 125, 150, 154, 193, 197]
batch: 6, [123, 127, 152, 156, 195, 199]
analysis: 6, [124, 126, 153, 155, 196, 198]
trace: 1, [128]
elements: 1, [129]
icp/ms: 1, [131]
epa: 2, [132, 175]
02002m/epa: 1, [133]
6020a: 1, [134]
jlh: 1, [141]
2: 1, [157]
chromium: 1, [158]
5900: 1, [159]
g/kg: 8, [160, 203, 233, 243, 272, 293, 303, 314]
500: 1, [161]
20: 1, [162]
08/08/12: 2, [163, 165]
pt12ho8f: 1, [164]
t212ho8a: 1, [166]
ust: 1, [167]
used: 1, [169]
motor: 1, [170]
oils: 1, [171]
volatiles,: 1, [173]
5035: 1, [174]
5035/epa: 1, [176]
8260b: 1, [177]
hls: 1, [184]
bromodichloromethane: 1, [201]
100: 5, [204, 244, 253, 315, 325]
10: 13, [205, 215, 225, 235, 245, 254, 264, 274, 285, 295, 305, 316, 326]
08/06/12: 26, [206, 208, 216, 218, 226, 228, 236, 238, 246, 248, 255, 257, 265, 267, 275, 277, 286, 288, 296, 298, 306, 308, 317, 319, 327, 329]
vi12ho6b: 23, [207, 209, 217, 219, 227, 229, 237, 247, 256, 266, 268, 276, 278, 287, 289, 297, 299, 307, 309, 318, 320, 328, 330]
4: 1, [210]
bromomethane: 1, [211]
yg/kg: 3, [213, 223, 262]
200: 1, [214]
chlorobenzene: 1, [221]
50: 7, [224, 234, 263, 273, 284, 294, 304]
chloroform: 1, [231]
vi12ho6b: 3, [239, 249, 258]
10,: 1, [240]
dibromochloromethane: 1, [241]
121,3dichlorobenzene: 1, [250]
hg/kg: 1, [252]
14: 1, [259]
1,1dichloroethane: 1, [260]
16: 1, [269]
1,1dichloroethene: 1, [270]
18: 1, [279]
trans1: 1, [280]
,2dichloroethene: 1, [281]
pg/kg: 2, [283, 324]
20: 1, [290]
cis1,3dichloropropene: 1, [291]
22: 1, [300]
ethylbenzene: 1, [301]
24,: 1, [310]
methylene: 1, [311]
chloride: 1, [312]
26: 1, [321]
1,1,1,2tetrachloroethane: 1, [322]
1914: 1, [331]
holloway: 1, [332]
drive: 1, [333]
holt,: 1, [334]
mi: 3, [335, 348, 361]
48842: 1, [336]
t: 3, [337, 350, 363]
617: 1, [338]
6990345: 1, [339]
f: 3, [340, 353, 366]
517: 1, [341]
6990388: 1, [342]
11766: 1, [343]
e: 1, [344]
grand: 1, [345]
river: 1, [346]
brighton,: 1, [347]
48116: 1, [349]
810: 2, [351, 354]
2203300: 1, [352]
2203311: 1, [355]
8660: 1, [356]
s: 1, [357]
mackinaw: 1, [358]
trail: 1, [359]
cadillac,: 1, [360]
49601: 1, [362]
231: 2, [364, 367]
7758368: 1, [365]
7758584: 1, [368]
dcsid: 1, [369]
g61013: 1, [370]
03/21/11: 1, [371]
labfibertecus: 1, [372]
rsn: 1, [373]
51146120809101934: 1, [374]
