order: 1, [0]
51146: 2, [1, 9]
analytical: 1, [2]
laboratory: 3, [3, 6, 18]
report: 2, [4, 89]
fibertec: 1, [5]
project: 3, [7, 44, 54]
number: 2, [8, 20]
pager”: 1, [10]
sof: 1, [12]
16: 1, [13]
environmental: 1, [14]
date: 2, [15, 51]
08/09/12: 1, [16]
services: 1, [17]
sample: 5, [19, 29, 47, 57, 63]
51146002: 2, [21, 115]
client: 3, [22, 43, 53]
identification: 1, [23]
akt: 1, [25]
peerless: 1, [26]
environ: 1, [27]
svcs,: 1, [28]
description: 1, [30]
ust2: 1, [31]
east: 1, [32]
wall: 1, [33]
3°: 1, [34]
chain: 1, [35]
custody: 1, [37]
115035: 1, [38]
inc: 1, [39]
farm: 1, [41]
hills: 1, [42]
name: 1, [45]
6513f3370: 1, [46]
no: 2, [48, 55]
collect: 2, [50, 60]
07/26/12: 1, [52]
na: 2, [56, 62]
matrix: 3, [58, 116, 224]
soil/solid: 3, [59, 117, 225]
time: 1, [61]
comments: 1, [64]
soil: 1, [66]
results: 1, [67]
calculated: 1, [70]
reported: 1, [72]
dry: 1, [75]
weight: 1, [76]
basis: 1, [77]
unless: 1, [78]
otherwise: 1, [79]
noted: 1, [80]
definitions: 1, [81]
q: 1, [82]
qualifier: 1, [83]
definitions: 1, [85]
na: 1, [90]
not: 1, [91]
applicable: 1, [92]
nn: 1, [93]
parameter: 1, [94]
included: 1, [96]
nelac: 1, [98]
scope: 1, [99]
analysis: 1, [101]
ust: 1, [102]
used: 1, [104]
motor: 1, [105]
oils: 1, [106]
volatiles,: 1, [108]
5035: 1, [109]
epa: 2, [110, 217]
5035/epa: 1, [111]
8260b: 1, [112]
aliquot: 2, [113, 220]
id: 2, [114, 221]
analyst: 2, [118, 226]
hls: 1, [119]
parameters: 2, [120, 228]
result: 2, [121, 229]
units: 2, [123, 231]
reporting: 2, [124, 232]
limit: 2, [125, 233]
dilution: 2, [126, 234]
prep: 4, [127, 129, 235, 237]
date: 4, [128, 132, 236, 240]
batch: 4, [130, 134, 238, 242]
analysis: 4, [131, 133, 239, 241]
28: 1, [135]
tetrachloroethene: 1, [136]
ug/kg: 6, [138, 158, 247, 269, 302, 313]
50: 2, [139, 159]
10: 6, [140, 150, 160, 176, 192, 208]
08/06/12: 28, [141, 143, 151, 153, 161, 163, 177, 179, 193, 195, 209, 211, 250, 252, 261, 263, 272, 274, 283, 285, 294, 296, 305, 307, 316, 318, 327, 329]
vi42ho6b: 1, [142]
vi12ho6b: 9, [144, 152, 154, 162, 178, 180, 194, 196, 210]
30: 1, [145]
1,2,4trichlorobenzene: 1, [146]
yg/kg: 3, [148, 174, 258]
250: 1, [149]
32: 1, [155]
1,1,2trichloroethane: 1, [156]
vi12ho6b: 2, [164, 212]
3atrchlowethene: 1, [165]
ugg: 1, [167]
00: 1, [168]
8/0612viizhobb—0roe/i2—viizho6b: 1, [169]
34,: 1, [170]
1,2,3trimethylbenzene: 1, [171]
nn: 1, [172]
100: 2, [175, 191]
351,24trimethyibenzene: 1, [181]
u: 1, [182]
gk: 2, [183, 199]
1000: 1, [184]
8/0612: 2, [185, 201]
viizhobb—0bo6/i2viizho6b: 1, [186]
36: 1, [187]
1,3,5trimethylbenzene: 1, [188]
g/kg: 5, [190, 206, 280, 291, 324]
“37vinyichlode: 1, [197]
400: 1, [200]
viizhobb—oboe/i2viizho6b: 1, [202]
38: 1, [203]
xylenes: 1, [204]
150: 1, [207]
polynuclear: 1, [213]
aromatic: 1, [214]
hydrocarbons: 1, [215]
pnas: 1, [216]
3546/epa: 1, [218]
8270c: 1, [219]
51: 1, [222]
1460028: 1, [223]
bda: 1, [227]
acenaphthylene: 1, [244]
sim: 8, [245, 256, 267, 278, 289, 300, 311, 322]
330: 8, [248, 259, 270, 281, 292, 303, 314, 325]
20: 8, [249, 260, 271, 282, 293, 304, 315, 326]
ps12h06g: 2, [251, 317]
512ho6b: 8, [253, 264, 275, 286, 297, 308, 319, 330]
4,: 1, [254]
benzoaanthracene: 1, [255]
490: 1, [257]
ps12ho6g: 4, [262, 273, 284, 295]
benzobfluoranthene: 1, [266]
450: 1, [268]
8: 1, [276]
benzokfluoranthene: 1, [277]
10: 1, [287]
dibenzoa,hanthracene: 1, [288]
12: 1, [298]
fluorene: 1, [299]
ps12ho06g: 2, [306, 328]
14: 1, [309]
2methylnaphthalene: 1, [310]
pyrene: 1, [321]
550: 1, [323]
1914: 1, [331]
holloway: 1, [332]
drive: 1, [333]
holt,: 1, [334]
mi: 3, [335, 348, 361]
48842: 1, [336]
t: 3, [337, 350, 363]
817: 1, [338]
6990345: 1, [339]
f: 3, [340, 353, 366]
17: 1, [341]
6990388: 1, [342]
11766: 1, [343]
e: 1, [344]
grand: 1, [345]
river: 1, [346]
brighton,: 1, [347]
48116: 1, [349]
810: 2, [351, 354]
2203300: 1, [352]
2203311: 1, [355]
8660: 1, [356]
s: 1, [357]
mackinaw: 1, [358]
trail: 1, [359]
cadillac,: 1, [360]
49601: 1, [362]
231: 2, [364, 367]
7758368: 1, [365]
7758584: 1, [368]
dcsid: 1, [369]
g61013: 1, [370]
03/21/11: 1, [371]
labefibertecus: 1, [372]
rsn: 1, [373]
51146120809101934: 1, [374]
