fib: 1, [0]
ert: 1, [1]
ec: 1, [2]
analytical: 1, [3]
laboratory: 2, [4, 21]
report: 2, [5, 91]
order: 1, [6]
51148: 2, [7, 17]
page: 1, [9]
14: 1, [12]
environmental: 1, [13]
eaboratory: 1, [14]
project: 3, [15, 47, 57]
number: 2, [16, 23]
date: 2, [18, 54]
08/03/12: 1, [19]
services: 1, [20]
sample: 5, [22, 32, 50, 60, 66]
51148002: 2, [24, 184]
client: 3, [25, 46, 56]
identification: 1, [26]
akt: 1, [28]
peerless: 1, [29]
environ: 1, [30]
svcs,: 1, [31]
description: 1, [33]
ust2: 1, [34]
west: 1, [35]
bottom: 1, [36]
6°: 1, [37]
chain: 1, [38]
custody: 1, [40]
115036: 1, [41]
inc: 1, [42]
farm: 1, [44]
hills: 1, [45]
name: 1, [48]
6513f3370: 1, [49]
no: 2, [51, 58]
collect: 2, [53, 63]
07/26/12: 1, [55]
na: 2, [59, 65]
matrix: 4, [61, 113, 142, 185]
soil/solid: 4, [62, 114, 143, 186]
time: 1, [64]
comments: 1, [67]
soil: 1, [68]
results: 1, [69]
calculated: 1, [72]
reported: 1, [74]
dry: 2, [77, 104]
weight: 2, [78, 105]
basis: 1, [79]
unless: 1, [80]
otherwise: 1, [81]
noted: 1, [82]
definitions: 1, [83]
q: 1, [84]
qualifier: 1, [85]
definitions: 1, [87]
na: 1, [92]
not: 1, [93]
applicable: 1, [94]
nn: 1, [95]
parameter: 1, [96]
included: 1, [98]
nelac: 1, [100]
scope: 1, [101]
analysis: 1, [103]
determination: 1, [106]
astm: 1, [107]
297487: 1, [109]
aliquot: 3, [110, 139, 182]
id: 3, [111, 140, 183]
51148002a: 2, [112, 141]
analyst: 3, [115, 144, 187]
bmg: 1, [116]
parameters: 3, [117, 146, 189]
result: 3, [118, 147, 190]
units: 3, [120, 149, 192]
reporting: 3, [121, 150, 193]
limit: 3, [122, 151, 194]
dilution: 3, [123, 152, 195]
prep: 6, [124, 126, 153, 155, 196, 198]
date: 6, [125, 129, 154, 158, 197, 201]
batch: 6, [127, 131, 156, 160, 199, 203]
analysis: 6, [128, 130, 157, 159, 200, 202]
trace: 1, [132]
elements: 1, [133]
icp/ms: 1, [135]
epa: 2, [136, 179]
02002m/epa: 1, [137]
6020a: 1, [138]
jlh: 1, [145]
2: 1, [161]
chromium: 1, [162]
11000: 1, [163]
ug/kg: 8, [164, 217, 227, 237, 247, 257, 267, 277]
500: 1, [165]
10: 1, [166]
08/02/12: 2, [167, 169]
pt12ho2c: 1, [168]
t212ho2a: 1, [170]
ust: 1, [171]
used: 1, [173]
motor: 1, [174]
oils: 1, [175]
volatiles,: 1, [177]
5035: 1, [178]
5035/epa: 1, [180]
8260b: 1, [181]
jpl: 1, [188]
bromodichloromethane: 1, [205]
g/kg: 3, [207, 288, 329]
100: 5, [208, 248, 258, 320, 330]
10: 13, [209, 219, 229, 239, 249, 259, 269, 279, 290, 300, 310, 321, 331]
08/01/12: 26, [210, 212, 220, 222, 230, 232, 240, 242, 250, 252, 260, 262, 270, 272, 280, 282, 291, 293, 301, 303, 311, 313, 322, 324, 332, 334]
vi12ho1a: 19, [211, 221, 223, 231, 233, 243, 253, 263, 271, 273, 281, 292, 302, 304, 312, 314, 323, 325, 333]
vi12ho1a: 1, [213]
bromomethane: 1, [215]
200: 1, [218]
chlorobenzene: 1, [225]
50: 7, [228, 238, 268, 278, 289, 299, 309]
chloroform: 1, [235]
vi12ho1a,: 6, [241, 251, 261, 283, 294, 335]
10,: 1, [244]
dibromochloromethane: 1, [245]
12: 1, [254]
1,3dichlorobenzene: 1, [255]
14,: 1, [264]
1,1dichloroethane: 1, [265]
16: 1, [274]
1,1dichloroethene: 1, [275]
18: 1, [284]
trans1: 1, [285]
,2dichloroethene: 1, [286]
20: 1, [295]
cis1,3dichloropropene: 1, [296]
ha/kg: 3, [298, 308, 319]
22: 1, [305]
ethylbenzene: 1, [306]
24: 1, [315]
methylene: 1, [316]
chloride: 1, [317]
26: 1, [326]
1,1,1,2tetrachloroethane: 1, [327]
1914: 1, [336]
holloway: 1, [337]
drive: 1, [338]
holt,: 1, [339]
mi: 3, [340, 353, 366]
48842: 1, [341]
t: 3, [342, 355, 368]
517: 2, [343, 346]
6990345: 1, [344]
f: 3, [345, 358, 371]
6990388: 1, [347]
11766: 1, [348]
e: 1, [349]
grand: 1, [350]
river: 1, [351]
brighton,: 1, [352]
48116: 1, [354]
810: 2, [356, 359]
2203300: 1, [357]
2203311: 1, [360]
8660: 1, [361]
s: 1, [362]
mackinaw: 1, [363]
trail: 1, [364]
cadillac,: 1, [365]
49601: 1, [367]
231: 2, [369, 372]
7758368: 1, [370]
7758584: 1, [373]
dcsid: 1, [374]
g61013: 1, [375]
03/21/11: 1, [376]
jabfibertecus: 1, [377]
rsn: 1, [378]
51148120803133713: 1, [379]
