analytical: 1, [0]
laboratory: 3, [1, 6, 16]
report: 2, [2, 87]
order: 1, [3]
51148: 2, [4, 9]
fibertec: 1, [5]
project: 3, [7, 43, 53]
number: 2, [8, 18]
pages,: 1, [10]
«sot4: 1, [11]
environmental: 1, [12]
date: 2, [13, 50]
08/03/12: 1, [14]
services: 1, [15]
sample: 5, [17, 27, 46, 56, 62]
51148004: 2, [19, 180]
client: 3, [20, 42, 52]
identification: 1, [21]
akt: 1, [23]
peerless: 1, [24]
environ: 1, [25]
svcs,: 1, [26]
description: 1, [28]
ust2: 1, [29]
east: 1, [30]
bottom: 1, [31]
6: 1, [32]
msd: 1, [33]
chain: 1, [34]
custody: 1, [36]
115036: 1, [37]
inc: 1, [38]
farm: 1, [40]
hills: 1, [41]
name: 1, [44]
6513f3370: 1, [45]
no: 2, [47, 54]
collect: 2, [49, 59]
07/26/12: 1, [51]
na: 2, [55, 61]
matrix: 4, [57, 109, 138, 181]
soil/solid: 4, [58, 110, 139, 182]
time: 1, [60]
comments: 1, [63]
soil: 1, [64]
results: 1, [65]
calculated: 1, [68]
reported: 1, [70]
dry: 2, [73, 100]
weight: 2, [74, 101]
basis: 1, [75]
unless: 1, [76]
otherwise: 1, [77]
noted: 1, [78]
definitions: 1, [79]
q: 1, [80]
qualifier: 1, [81]
definitions: 1, [83]
na: 1, [88]
not: 1, [89]
applicable: 1, [90]
nn: 1, [91]
parameter: 1, [92]
included: 1, [94]
nelac: 1, [96]
scope: 1, [97]
analysis: 1, [99]
determination: 1, [102]
astm: 1, [103]
297487: 1, [105]
aliquot: 3, [106, 135, 178]
id: 3, [107, 136, 179]
51148004a: 2, [108, 137]
analyst: 3, [111, 140, 183]
bmg: 1, [112]
parameters: 3, [113, 142, 185]
result: 3, [114, 143, 186]
units: 3, [116, 145, 188]
reporting: 3, [117, 146, 189]
limit: 3, [118, 147, 190]
dilution: 3, [119, 148, 191]
prep: 6, [120, 122, 149, 151, 192, 194]
date: 6, [121, 125, 150, 154, 193, 197]
batch: 6, [123, 127, 152, 156, 195, 199]
analysis: 6, [124, 126, 153, 155, 196, 198]
trace: 1, [128]
elements: 1, [129]
icp/ms: 1, [131]
epa: 2, [132, 175]
02002m/epa: 1, [133]
6020a: 1, [134]
jlh: 1, [141]
2: 1, [157]
chromium: 1, [158]
22000: 1, [159]
yg/kg: 2, [160, 309]
500: 1, [161]
10: 1, [162]
08/02/12: 2, [163, 165]
pt12ho2c: 1, [164]
t212ho2a: 1, [166]
ust: 1, [167]
used: 1, [169]
motor: 1, [170]
oils: 1, [171]
volatiles,: 1, [173]
5035: 1, [174]
5035/epa: 1, [176]
8260b: 1, [177]
jpl: 1, [184]
bromodichloromethane: 1, [201]
6100: 2, [202, 332]
ug/kg: 7, [203, 221, 230, 242, 271, 323, 333]
100: 5, [204, 253, 262, 324, 334]
10: 13, [205, 223, 232, 244, 254, 263, 273, 283, 294, 304, 311, 325, 335]
08/01/12: 27, [206, 208, 211, 224, 226, 233, 235, 245, 247, 255, 257, 264, 266, 274, 276, 284, 286, 295, 297, 305, 307, 312, 314, 326, 328, 336, 338]
vi12ho1a,: 6, [207, 258, 287, 296, 308, 315]
vi12ho1a: 17, [209, 213, 225, 234, 238, 246, 248, 256, 265, 267, 275, 277, 285, 298, 306, 329, 337]
404/: 1, [210]
31: 1, [214]
bal: 1, [215]
bromomethane: 1, [219]
4500: 1, [220]
200: 1, [222]
chlorobenzene: 1, [228]
5700: 3, [229, 241, 280]
50: 7, [231, 243, 272, 282, 293, 303, 310]
08/01/12: 1, [236]
42: 1, [237]
chloroform: 1, [240]
10: 1, [249]
dibromochloromethane: 1, [250]
6500: 1, [251]
g/kg: 5, [252, 261, 281, 292, 302]
121,3dichlorobenzene: 1, [259]
5600: 2, [260, 322]
14: 1, [268]
1,1dichloroethane: 1, [269]
6000: 1, [270]
16: 1, [278]
1,1dichloroethene: 1, [279]
18: 1, [288]
trans1: 1, [289]
,2dichloroethene: 1, [290]
5900: 1, [291]
20: 1, [299]
cis1,3dichloropropene: 1, [300]
6400: 1, [301]
vi12ho1a: 3, [313, 327, 339]
22: 1, [317]
ethylbenzene: 1, [318]
24: 1, [319]
methylene: 1, [320]
chloride: 1, [321]
26: 1, [330]
1,1,1,2tetrachloroethane: 1, [331]
1914: 1, [340]
holloway: 1, [341]
drive: 1, [342]
holt,: 1, [343]
mi: 3, [344, 357, 370]
48842: 1, [345]
t: 3, [346, 359, 372]
617: 1, [347]
6990345: 1, [348]
f: 3, [349, 362, 375]
917: 1, [350]
6990388: 1, [351]
11766: 1, [352]
e: 1, [353]
grand: 1, [354]
river: 1, [355]
brighton,: 1, [356]
48116: 1, [358]
810: 2, [360, 363]
2203300: 1, [361]
2203311: 1, [364]
8660: 1, [365]
s: 1, [366]
mackinaw: 1, [367]
trail: 1, [368]
cadillac,: 1, [369]
49607: 1, [371]
231: 2, [373, 376]
7758368: 1, [374]
7758584: 1, [377]
dcsid: 1, [378]
g61013: 1, [379]
03/21/11: 1, [380]
labfibertecus: 1, [381]
rsn: 1, [382]
51148120803133713: 1, [383]
