analytical: 1, [0]
laboratory: 3, [1, 6, 18]
report: 2, [2, 88]
order: 1, [3]
51146: 2, [4, 9]
fibertec: 1, [5]
project: 3, [7, 44, 54]
number: 2, [8, 20]
page: 1, [10]
l2at16: 1, [13]
environmental: 1, [14]
date: 2, [15, 51]
08/09/12: 1, [16]
services: 1, [17]
sample: 5, [19, 29, 47, 57, 63]
51146006: 2, [21, 181]
client: 3, [22, 43, 53]
identification: 1, [23]
akt: 1, [25]
peerless: 1, [26]
environ: 1, [27]
svcs,: 1, [28]
description: 1, [30]
ust2: 1, [31]
east: 1, [32]
wall: 1, [33]
3msd: 1, [34]
chain: 1, [35]
custody: 1, [37]
115035: 1, [38]
inc: 1, [39]
farm: 1, [41]
hills: 1, [42]
name: 1, [45]
6513f3370: 1, [46]
no: 2, [48, 55]
collect: 2, [50, 60]
07/26/12: 1, [52]
na: 2, [56, 62]
matrix: 4, [58, 110, 139, 182]
soil/solid: 4, [59, 111, 140, 183]
time: 1, [61]
comments: 1, [64]
soil: 1, [65]
results: 1, [66]
calculated: 1, [69]
reported: 1, [71]
dry: 2, [74, 101]
weight: 2, [75, 102]
basis: 1, [76]
unless: 1, [77]
otherwise: 1, [78]
noted: 1, [79]
definitions: 1, [80]
q: 1, [81]
qualifier: 1, [82]
definitions: 1, [84]
na: 1, [89]
not: 1, [90]
applicable: 1, [91]
nn: 1, [92]
parameter: 1, [93]
included: 1, [95]
nelac: 1, [97]
scope: 1, [98]
analysis: 1, [100]
determination: 1, [103]
astm: 1, [104]
297487: 1, [106]
aliquot: 3, [107, 136, 179]
id: 3, [108, 137, 180]
51146006a: 2, [109, 138]
analyst: 3, [112, 141, 184]
bmg: 1, [113]
parameters: 3, [114, 143, 186]
result: 3, [115, 144, 187]
units: 3, [117, 146, 189]
reporting: 3, [118, 147, 190]
limit: 3, [119, 148, 191]
dilution: 3, [120, 149, 192]
prep: 6, [121, 123, 150, 152, 193, 195]
date: 6, [122, 126, 151, 155, 194, 198]
batch: 6, [124, 128, 153, 157, 196, 200]
analysis: 6, [125, 127, 154, 156, 197, 199]
trace: 1, [129]
elements: 1, [130]
icp/ms: 1, [132]
epa: 2, [133, 176]
02002m/epa: 1, [134]
6020a: 1, [135]
jlh: 1, [142]
chromium: 1, [159]
33000: 1, [160]
yg/kg: 3, [161, 295, 325]
500: 1, [162]
20: 1, [163]
08/08/12: 2, [164, 166]
pt12ho8f: 1, [165]
t212ho8a: 1, [167]
ust: 1, [168]
used: 1, [170]
motor: 1, [171]
oils: 1, [172]
volatiles,: 1, [174]
5035: 1, [175]
5035/epa: 1, [177]
8260b: 1, [178]
hls: 1, [185]
bromodichloromethane: 1, [202]
5600: 2, [203, 273]
ug/kg: 9, [204, 214, 224, 234, 254, 264, 274, 285, 316]
100: 5, [205, 245, 255, 317, 326]
10: 13, [206, 216, 226, 236, 246, 256, 266, 276, 287, 297, 307, 318, 327]
08/06/12: 26, [207, 209, 217, 219, 227, 229, 237, 239, 247, 249, 257, 259, 267, 269, 277, 279, 288, 290, 298, 300, 308, 310, 319, 321, 328, 330]
vi12ho6b: 26, [208, 210, 218, 220, 228, 230, 238, 240, 248, 250, 258, 260, 268, 270, 278, 280, 289, 291, 299, 301, 309, 311, 320, 322, 329, 331]
4,: 1, [211]
bromomethane: 1, [212]
3600: 1, [213]
200: 1, [215]
6: 1, [221]
chlorobenzene: 1, [222]
5900: 3, [223, 253, 263]
50: 7, [225, 235, 265, 275, 286, 296, 306]
chloroform: 1, [232]
5200: 1, [233]
10: 1, [241]
dibromochloromethane: 1, [242]
7100: 1, [243]
g/kg: 2, [244, 305]
12: 1, [251]
1,3dichlorobenzene: 1, [252]
14: 1, [261]
1,1dichloroethane: 1, [262]
16: 1, [271]
1,1dichloroethene: 1, [272]
18: 1, [281]
trans1: 1, [282]
,2dichloroethene: 1, [283]
5800: 1, [284]
20: 1, [292]
cis1,3dichloropropene: 1, [293]
5700: 1, [294]
22: 1, [302]
ethylbenzene: 1, [303]
5100: 1, [304]
24: 1, [312]
methylene: 1, [313]
chloride: 1, [314]
6400: 1, [315]
261,1,1,2tetrachloroethane: 1, [323]
6600: 1, [324]
1914: 1, [332]
holloway: 1, [333]
drive: 1, [334]
holt,: 1, [335]
mi: 3, [336, 349, 362]
48842: 1, [337]
t: 3, [338, 351, 364]
517: 2, [339, 342]
6990345: 1, [340]
f: 3, [341, 354, 367]
6990388: 1, [343]
11766: 1, [344]
e: 1, [345]
grand: 1, [346]
river: 1, [347]
brighton,: 1, [348]
48116: 1, [350]
810: 2, [352, 355]
2203300: 1, [353]
2203311: 1, [356]
8660: 1, [357]
s: 1, [358]
mackinaw: 1, [359]
trail: 1, [360]
cadillac,: 1, [361]
49601: 1, [363]
231: 2, [365, 368]
7758368: 1, [366]
7758584: 1, [369]
dcsid: 1, [370]
g61013: 1, [371]
03/21/11: 1, [372]
labefibertecus: 1, [373]
rsn: 1, [374]
51146120809101934: 1, [375]
