analytical: 1, [0]
laboratory: 3, [1, 6, 17]
report: 2, [2, 88]
order: 1, [3]
51148: 2, [4, 9]
fibertec: 1, [5]
project: 3, [7, 44, 54]
number: 2, [8, 19]
faas,: 1, [10]
2004: 1, [12]
environmental: 1, [13]
date: 2, [14, 51]
08/03/12: 1, [15]
services: 1, [16]
sample: 5, [18, 28, 47, 57, 63]
51148004: 2, [20, 114]
client: 3, [21, 43, 53]
identification: 1, [22]
akt: 1, [24]
peerless: 1, [25]
environ: 1, [26]
svcs,: 1, [27]
description: 1, [29]
ust2: 1, [30]
east: 1, [31]
bottom: 1, [32]
6: 1, [33]
msd: 1, [34]
chain: 1, [35]
custody: 1, [37]
115036: 1, [38]
inc: 1, [39]
farm: 1, [41]
hills: 1, [42]
name: 1, [45]
6513f3370: 1, [46]
no: 2, [48, 55]
collect: 2, [50, 60]
07/26/12: 1, [52]
na: 2, [56, 62]
matrix: 3, [58, 115, 233]
soil/solid: 3, [59, 116, 234]
time: 1, [61]
comments: 1, [64]
soil: 1, [65]
results: 1, [66]
calculated: 1, [69]
reported: 1, [71]
dry: 1, [74]
weight: 1, [75]
basis: 1, [76]
unless: 1, [77]
otherwise: 1, [78]
noted: 1, [79]
definitions: 1, [80]
q: 1, [81]
qualifier: 1, [82]
definitions: 1, [84]
na: 1, [89]
not: 1, [90]
applicable: 1, [91]
nn: 1, [92]
parameter: 1, [93]
included: 1, [95]
nelac: 1, [97]
scope: 1, [98]
analysis: 1, [100]
ust: 1, [101]
used: 1, [103]
motor: 1, [104]
oils: 1, [105]
volatiles,: 1, [107]
5035: 1, [108]
epa: 2, [109, 226]
5035/epa: 1, [110]
8260b: 1, [111]
aliquot: 2, [112, 229]
id: 2, [113, 230]
analyst: 2, [117, 235]
jpl: 1, [118]
parameters: 2, [119, 237]
result: 2, [120, 238]
units: 2, [122, 240]
reporting: 2, [123, 241]
limit: 2, [124, 242]
dilution: 2, [125, 243]
prep: 4, [126, 128, 244, 246]
date: 4, [127, 131, 245, 249]
batch: 4, [129, 133, 247, 251]
analysis: 4, [130, 132, 248, 250]
28: 1, [134]
tetrachloroethene: 1, [135]
5700: 2, [136, 186]
yg/kg: 4, [137, 177, 196, 215]
50: 2, [138, 158]
10: 14, [139, 149, 159, 179, 198, 217, 257, 267, 277, 287, 297, 307, 317, 327]
08/01/12: 20, [140, 142, 150, 152, 160, 162, 180, 182, 199, 201, 218, 220, 258, 268, 278, 288, 298, 308, 318, 328]
vi12ho1a: 9, [141, 143, 151, 153, 161, 163, 183, 202, 221]
30: 1, [144]
1,2,4trichlorobenzene: 1, [145]
4600: 1, [146]
g/kg: 8, [147, 157, 255, 275, 285, 305, 315, 325]
250: 1, [148]
32: 1, [154]
1,1,2trichloroethane: 1, [155]
6000: 1, [156]
33: 1, [164]
trichlowethene: 1, [165]
700: 1, [167]
gk: 1, [168]
80: 1, [169]
0bmotzvinzhota: 1, [170]
8/0/12: 1, [171]
vizhota: 1, [172]
34: 1, [173]
1,2,3trimethylbenzene: 1, [174]
nn: 1, [175]
5500: 1, [176]
100: 3, [178, 188, 197]
vi42ho1a: 2, [181, 200]
35124trimethylbenzene: 1, [184]
pigikg: 1, [187]
008/02: 1, [189]
vitzhota: 2, [190, 211]
8/01/12,: 1, [191]
vinzhota: 1, [192]
36: 1, [193]
1,3,5trimethylbenzene: 1, [194]
5600: 2, [195, 324]
“37vinylchloride: 1, [203]
8800: 1, [205]
gg: 1, [206]
obmonizvinzhota: 1, [209]
08/0112: 1, [210]
38: 1, [212]
xylenes: 1, [213]
16000: 1, [214]
150: 1, [216]
vi12ho1a: 1, [219]
polynuclear: 1, [222]
aromatic: 1, [223]
hydrocarbons: 1, [224]
pnas: 1, [225]
3546/epa: 1, [227]
8270c: 1, [228]
511480040: 1, [231]
tc: 1, [236]
acenaphthylene: 1, [253]
5200: 2, [254, 314]
330: 8, [256, 266, 276, 286, 296, 306, 316, 326]
ps12h011: 8, [259, 269, 279, 289, 299, 309, 319, 329]
08/02/12: 8, [260, 270, 280, 290, 300, 310, 320, 330]
112ho2a: 7, [261, 271, 281, 291, 301, 321, 331]
4: 1, [262]
benzoaanthracene: 1, [263]
5800: 2, [264, 274]
pg/kg: 1, [265]
benzobfluoranthene: 1, [273]
benzokfluoranthene: 1, [283]
5900: 2, [284, 294]
10,: 1, [292]
dibenzoa,hanthracene: 1, [293]
ug/kg: 1, [295]
12: 1, [302]
fluorene: 1, [303]
5400: 1, [304]
112h02a: 1, [311]
14: 1, [312]
2methyinaphthalene: 1, [313]
16: 1, [322]
pyrene: 1, [323]
1914: 1, [332]
holloway: 1, [333]
drive: 1, [334]
holt,: 1, [335]
mi: 3, [336, 349, 362]
48842: 1, [337]
t: 3, [338, 351, 364]
517: 2, [339, 342]
6990345: 1, [340]
f: 3, [341, 354, 367]
6990388: 1, [343]
11766: 1, [344]
e: 1, [345]
grand: 1, [346]
river: 1, [347]
brighton,: 1, [348]
48116: 1, [350]
810: 2, [352, 355]
2203300: 1, [353]
2203311: 1, [356]
8660: 1, [357]
s: 1, [358]
mackinaw: 1, [359]
trail: 1, [360]
cadillac,: 1, [361]
49601: 1, [363]
231: 2, [365, 368]
7758368: 1, [366]
7758584: 1, [369]
dcsid: 1, [370]
g61013: 1, [371]
03/21/11: 1, [372]
labefibertecus: 1, [373]
rsn: 1, [374]
51148120803133713: 1, [375]
