analytical: 1, [0]
laboratory: 3, [1, 11, 19]
report: 2, [2, 90]
order: 1, [3]
51148: 2, [4, 14]
fibertec: 1, [5]
page: 1, [7]
sof: 1, [8]
14: 1, [9]
project: 3, [12, 45, 55]
number: 2, [13, 21]
environmental: 1, [15]
date: 2, [16, 52]
08/03/12: 1, [17]
services: 1, [18]
sample: 5, [20, 30, 48, 58, 64]
51148002: 2, [22, 116]
client: 3, [23, 44, 54]
identification: 1, [24]
akt: 1, [26]
peerless: 1, [27]
environ: 1, [28]
svcs,: 1, [29]
description: 1, [31]
ust2: 1, [32]
west: 1, [33]
bottom: 1, [34]
6°: 1, [35]
chain: 1, [36]
custody: 1, [38]
115036: 1, [39]
inc: 1, [40]
farm: 1, [42]
hills: 1, [43]
name: 1, [46]
6513f3370: 1, [47]
no: 2, [49, 56]
collect: 2, [51, 61]
07/26/12: 1, [53]
na: 2, [57, 63]
matrix: 3, [59, 117, 207]
soil/solid: 3, [60, 118, 208]
time: 1, [62]
comments: 1, [65]
soil: 1, [67]
results: 1, [68]
calculated: 1, [71]
reported: 1, [73]
dry: 1, [76]
weight: 1, [77]
basis: 1, [78]
unless: 1, [79]
otherwise: 1, [80]
noted: 1, [81]
definitions: 1, [82]
q: 1, [83]
qualifier: 1, [84]
definitions: 1, [86]
na: 1, [91]
not: 1, [92]
applicable: 1, [93]
nn: 1, [94]
parameter: 1, [95]
included: 1, [97]
nelac: 1, [99]
scope: 1, [100]
analysis: 1, [102]
ust: 1, [103]
used: 1, [105]
motor: 1, [106]
oils: 1, [107]
volatiles,: 1, [109]
5035: 1, [110]
epa: 2, [111, 201]
5035/epa: 1, [112]
8260b: 1, [113]
aliquot: 2, [114, 204]
id: 2, [115, 205]
analyst: 2, [119, 209]
jpl: 1, [120]
parameters: 2, [121, 211]
result: 2, [122, 212]
units: 2, [124, 214]
reporting: 2, [125, 215]
limit: 2, [126, 216]
dilution: 2, [127, 217]
prep: 4, [128, 130, 218, 220]
date: 4, [129, 133, 219, 223]
batch: 4, [131, 135, 221, 225]
analysis: 4, [132, 134, 222, 224]
28: 1, [136]
tetrachloroethene: 1, [137]
ug/kg: 7, [139, 149, 159, 249, 259, 269, 279]
50: 2, [140, 160]
10: 14, [141, 151, 161, 172, 182, 192, 231, 241, 251, 261, 271, 281, 291, 301]
08/01/12: 20, [142, 144, 152, 154, 162, 164, 173, 175, 183, 185, 193, 195, 232, 242, 252, 262, 272, 282, 292, 302]
via2ho1a: 1, [143]
vi12ho1a: 9, [145, 153, 155, 163, 165, 184, 186, 194, 196]
30: 1, [146]
1,2,4trichlorobenzene: 1, [147]
250: 1, [150]
32: 1, [156]
1,1,2trichloroethane: 1, [157]
34,: 1, [166]
1,2,3trimethylbenzene: 1, [167]
nn: 1, [168]
g/kg: 1, [170]
100: 2, [171, 181]
vi12ho1a—: 1, [174]
vin2ho1a: 1, [176]
36: 1, [177]
1,3,5trimethylbenzene: 1, [178]
yg/kg: 5, [180, 190, 239, 289, 299]
38: 1, [187]
xylenes: 1, [188]
150: 1, [191]
polynuclear: 1, [197]
aromatic: 1, [198]
hydrocarbons: 1, [199]
pnas: 1, [200]
3546/epa: 1, [202]
8270c: 1, [203]
511480024: 1, [206]
tmc: 1, [210]
acenaphthylene: 1, [227]
o/kg: 1, [229]
330: 8, [230, 240, 250, 260, 270, 280, 290, 300]
ps12h01i: 1, [233]
08/02/12: 8, [234, 244, 254, 264, 274, 284, 294, 304]
112ho2a: 7, [235, 245, 255, 275, 285, 295, 305]
4,: 1, [236]
benzoaanthracene: 1, [237]
ps12h011: 6, [243, 253, 263, 273, 293, 303]
benzobfluoranthene: 1, [247]
benzokfluoranthene: 1, [257]
s112ho2a: 1, [265]
10: 1, [266]
dibenzoa,hanthracene: 1, [267]
12: 1, [276]
fluorene: 1, [277]
ps12ho011: 1, [283]
14: 1, [286]
2methyinaphthalene: 1, [287]
16: 1, [296]
pyrene: 1, [297]
1914: 1, [306]
holloway: 1, [307]
drive: 1, [308]
holt,: 1, [309]
mi: 3, [310, 323, 335]
48842: 1, [311]
t: 2, [312, 337]
517: 2, [313, 316]
6990345: 1, [314]
f: 3, [315, 328, 340]
6990388: 1, [317]
11766: 1, [318]
e: 1, [319]
grand: 1, [320]
river: 1, [321]
brighton,: 1, [322]
48116: 1, [324]
t: 1, [325]
810: 2, [326, 329]
2203300: 1, [327]
2203311: 1, [330]
8660s: 1, [331]
mackinaw: 1, [332]
trail: 1, [333]
cadillac,: 1, [334]
49601: 1, [336]
231: 2, [338, 341]
7758368: 1, [339]
7758584: 1, [342]
dcsid: 1, [343]
g61013: 1, [344]
03/21/11: 1, [345]
labefibertecus: 1, [346]
rsn: 1, [347]
51148120803133713: 1, [348]
