fib: 1, [0]
ert: 1, [1]
ec: 1, [2]
analytical: 1, [3]
laboratory: 3, [4, 13, 20]
report: 2, [5, 90]
order: 1, [6]
1148: 1, [7]
page: 1, [8]
14: 1, [11]
environmental: 1, [12]
project: 3, [14, 46, 56]
number: 2, [15, 22]
51442: 1, [16]
date: 2, [17, 53]
08/03/12: 1, [18]
services: 1, [19]
sample: 5, [21, 31, 49, 59, 65]
51148001: 2, [23, 183]
client: 3, [24, 45, 55]
identification: 1, [25]
akt: 1, [27]
peerless: 1, [28]
environ: 1, [29]
svcs,: 1, [30]
description: 1, [32]
ust2: 1, [33]
east: 1, [34]
bottom: 1, [35]
6: 1, [36]
chain: 1, [37]
custody: 1, [39]
115036: 1, [40]
inc: 1, [41]
farm: 1, [43]
hills: 1, [44]
name: 1, [47]
6513f3370: 1, [48]
no: 2, [50, 57]
collect: 2, [52, 62]
07/26/12: 1, [54]
na: 2, [58, 64]
matrix: 4, [60, 112, 141, 184]
soil/solid: 4, [61, 113, 142, 185]
time: 1, [63]
comments: 1, [66]
soil: 1, [67]
results: 1, [68]
calculated: 1, [71]
reported: 1, [73]
dry: 2, [76, 103]
weight: 2, [77, 104]
basis: 1, [78]
unless: 1, [79]
otherwise: 1, [80]
noted: 1, [81]
definitions: 1, [82]
q: 1, [83]
qualifier: 1, [84]
definitions: 1, [86]
na: 1, [91]
not: 1, [92]
applicable: 1, [93]
nn: 1, [94]
parameter: 1, [95]
included: 1, [97]
nelac: 1, [99]
scope: 1, [100]
analysis: 1, [102]
determination: 1, [105]
astm: 1, [106]
297487: 1, [108]
aliquot: 3, [109, 138, 181]
id: 3, [110, 139, 182]
51148001a: 2, [111, 140]
analyst: 3, [114, 143, 186]
bmg: 1, [115]
parameters: 3, [116, 145, 188]
result: 3, [117, 146, 189]
units: 3, [119, 148, 191]
reporting: 3, [120, 149, 192]
limit: 3, [121, 150, 193]
dilution: 3, [122, 151, 194]
prep: 6, [123, 125, 152, 154, 195, 197]
date: 6, [124, 128, 153, 157, 196, 200]
batch: 6, [126, 130, 155, 159, 198, 202]
analysis: 6, [127, 129, 156, 158, 199, 201]
trace: 1, [131]
elements: 1, [132]
icp/ms: 1, [134]
epa: 2, [135, 178]
02002m/epa: 1, [136]
6020a: 1, [137]
jlh: 1, [144]
2: 1, [160]
chromium: 1, [161]
3400: 1, [162]
ug/kg: 6, [163, 206, 216, 226, 236, 246]
500: 1, [164]
10: 1, [165]
08/02/12: 2, [166, 168]
pt12ho2c: 1, [167]
t212ho2a: 1, [169]
ust: 1, [170]
used: 1, [172]
motor: 1, [173]
oils: 1, [174]
volatiles,: 1, [176]
5035: 1, [177]
5035/epa: 1, [179]
8260b: 1, [180]
jpl: 1, [187]
bromodichloromethane: 1, [204]
100: 5, [207, 247, 257, 320, 330]
10: 13, [208, 218, 228, 238, 248, 258, 268, 278, 289, 300, 310, 321, 331]
08/01/12: 26, [209, 211, 219, 221, 229, 231, 239, 241, 249, 251, 259, 261, 269, 271, 279, 281, 290, 292, 301, 303, 311, 313, 322, 324, 332, 334]
vi12ho1a: 19, [210, 212, 220, 222, 230, 232, 240, 242, 250, 260, 270, 280, 282, 291, 293, 302, 304, 323, 333]
4,: 1, [213]
bromomethane: 1, [214]
200: 1, [217]
chlorobenzene: 1, [224]
50: 7, [227, 237, 267, 277, 288, 299, 309]
chloroform: 1, [234]
10: 1, [243]
dibromochloromethane: 1, [244]
vi12ho1a: 2, [252, 314]
12: 1, [253]
1,3dichlorobenzene: 1, [254]
g/kg: 3, [256, 266, 276]
via42ho1a: 1, [262]
14: 1, [263]
1,1dichloroethane: 1, [264]
vi42ho1a: 2, [272, 335]
16,: 1, [273]
1,1dichloroethene: 1, [274]
18: 1, [283]
trans1: 1, [284]
,2dichloroethene: 1, [285]
yg/kg: 3, [287, 298, 329]
20: 1, [294]
cis1: 1, [295]
,3dichloropropene: 1, [296]
22: 1, [305]
ethylbenzene: 1, [306]
hag/kg: 1, [308]
vi12ho1a,: 1, [312]
24: 1, [315]
methylene: 1, [316]
chloride: 1, [317]
hg/kg: 1, [319]
via2ho1a: 1, [325]
26: 1, [326]
1,1,1,2tetrachloroethane: 1, [327]
1914: 1, [336]
holloway: 1, [337]
drive: 1, [338]
holt,: 1, [339]
mi: 3, [340, 353, 366]
48842: 1, [341]
t: 3, [342, 355, 368]
517: 2, [343, 346]
6990345: 1, [344]
f: 2, [345, 371]
6990388: 1, [347]
11766: 1, [348]
e: 1, [349]
grand: 1, [350]
river: 1, [351]
brighton,: 1, [352]
48116: 1, [354]
810: 2, [356, 359]
2203300: 1, [357]
f: 1, [358]
2203311: 1, [360]
8660: 1, [361]
s: 1, [362]
mackinaw: 1, [363]
trail: 1, [364]
cadillac,: 1, [365]
49601: 1, [367]
231: 2, [369, 372]
7758368: 1, [370]
7758584: 1, [373]
dcsid: 1, [374]
g61013: 1, [375]
03/21/11: 1, [376]
labefibertecus: 1, [377]
rsn: 1, [378]
51148120803133713: 1, [379]
