analytical: 1, [0]
laboratory: 3, [1, 6, 19]
report: 2, [2, 86]
order: 1, [3]
51146: 2, [4, 9]
fibertec: 1, [5]
project: 3, [7, 42, 52]
number: 2, [8, 21]
page: 1, [10]
15: 1, [12]
16: 1, [14]
environmental: 1, [15]
date: 2, [16, 49]
08/09/12: 1, [17]
services: 1, [18]
sample: 5, [20, 30, 45, 55, 61]
51146007: 2, [22, 112]
client: 3, [23, 41, 51]
identification: 1, [24]
akt: 1, [26]
peerless: 1, [27]
environ: 1, [28]
svcs,: 1, [29]
description: 1, [31]
dup: 1, [32]
chain: 1, [33]
custody: 1, [35]
115035: 1, [36]
inc: 1, [37]
farm: 1, [39]
hills: 1, [40]
name: 1, [43]
6513f3370: 1, [44]
no: 2, [46, 53]
collect: 2, [48, 58]
07/26/12: 1, [50]
na: 2, [54, 60]
matrix: 3, [56, 113, 224]
soil/solid: 3, [57, 114, 225]
time: 1, [59]
comments: 1, [62]
soil: 1, [63]
results: 1, [64]
calculated: 1, [67]
reported: 1, [69]
dry: 1, [72]
weight: 1, [73]
basis: 1, [74]
unless: 1, [75]
otherwise: 1, [76]
noted: 1, [77]
definitions: 1, [78]
q: 1, [79]
qualifier: 1, [80]
definitions: 1, [82]
na: 1, [87]
not: 1, [88]
applicable: 1, [89]
nn: 1, [90]
parameter: 1, [91]
included: 1, [93]
nelac: 1, [95]
scope: 1, [96]
analysis: 1, [98]
ust: 1, [99]
used: 1, [101]
motor: 1, [102]
oils: 1, [103]
volatiles,: 1, [105]
5035: 1, [106]
epa: 2, [107, 217]
5035/epa: 1, [108]
8260b: 1, [109]
aliquot: 2, [110, 221]
id: 2, [111, 222]
analyst: 2, [115, 226]
hls: 1, [116]
parameters: 2, [117, 228]
result: 2, [118, 229]
units: 2, [120, 231]
reporting: 2, [121, 232]
limit: 2, [122, 233]
dilution: 2, [123, 234]
prep: 4, [124, 126, 235, 237]
date: 4, [125, 129, 236, 240]
batch: 4, [127, 131, 238, 242]
analysis: 4, [128, 130, 239, 241]
28: 1, [132]
tetrachloroethene: 1, [133]
g/kg: 5, [135, 145, 258, 292, 303]
50: 2, [136, 156]
10: 6, [137, 147, 157, 174, 190, 208]
08/06/12: 20, [138, 140, 148, 150, 158, 160, 175, 177, 191, 193, 209, 211, 250, 261, 273, 284, 295, 306, 317, 328]
vi12ho6b: 11, [139, 141, 149, 151, 161, 176, 178, 192, 194, 210, 212]
30: 1, [142]
1,2,4trichlorobenzene: 1, [143]
250: 1, [146]
32: 1, [152]
1,1,2trichloroethane: 1, [153]
ug/kg: 5, [155, 172, 206, 247, 314]
vi42ho6b: 1, [159]
“b3tchloethene: 1, [162]
uk: 1, [164]
5d: 1, [165]
08/2: 1, [166]
vinzhosb08/0b12—viizhosb: 1, [167]
34,: 1, [168]
1,2,3trimethylbenzene: 1, [169]
nn: 1, [170]
100: 3, [173, 182, 189]
351,2,4timethybenzene: 1, [179]
u: 1, [180]
lg: 2, [181, 198]
08/062: 1, [183]
vizhosb—08/0b12—viizhosb: 1, [184]
36: 1, [185]
1,3,5trimethylbenzene: 1, [186]
yg/kg: 4, [188, 270, 281, 325]
37vin: 1, [195]
chloride: 1, [196]
4008/0612: 1, [199]
vinzhobb: 1, [200]
0/0812: 1, [201]
viizhosb: 1, [202]
38: 1, [203]
xylenes: 1, [204]
150: 1, [207]
polynuclear: 1, [213]
aromatic: 1, [214]
hydrocarbons: 1, [215]
pnas: 1, [216]
3546/epa: 1, [218]
8270c: 1, [219]
51146007a: 1, [223]
gan: 1, [227]
acenaphthylene: 1, [244]
sim: 8, [245, 256, 268, 279, 290, 301, 312, 323]
330: 8, [248, 259, 271, 282, 293, 304, 315, 326]
20: 8, [249, 260, 272, 283, 294, 305, 316, 327]
ps12ho6g: 8, [251, 262, 274, 285, 296, 307, 318, 329]
08/07/12: 7, [252, 275, 286, 297, 308, 319, 330]
612ho6b: 7, [253, 276, 287, 298, 309, 320, 331]
4,: 1, [254]
benzoaanthracene: 1, [255]
490: 1, [257]
08/07/12: 1, [264]
s612hosb: 1, [265]
benzobfluoranthene: 1, [267]
550: 1, [269]
benzokfluoranthene: 1, [278]
570: 1, [280]
10: 1, [288]
dibenzoa,hanthracene: 1, [289]
12: 1, [299]
fluorene: 1, [300]
14,: 1, [310]
2methylnaphthalene: 1, [311]
16: 1, [321]
pyrene: 1, [322]
730: 1, [324]
1914: 1, [332]
holloway: 1, [333]
drive: 1, [334]
holt,: 1, [335]
mi: 3, [336, 349, 362]
48842: 1, [337]
t: 3, [338, 351, 364]
517: 2, [339, 342]
6990345: 1, [340]
f: 2, [341, 367]
6990388: 1, [343]
11766: 1, [344]
e: 1, [345]
grand: 1, [346]
river: 1, [347]
brighton,: 1, [348]
48116: 1, [350]
810: 2, [352, 355]
2203300: 1, [353]
f: 1, [354]
2203311: 1, [356]
8660: 1, [357]
s: 1, [358]
mackinaw: 1, [359]
trail: 1, [360]
cadillac,: 1, [361]
49601: 1, [363]
231: 2, [365, 368]
7758368: 1, [366]
7758584: 1, [369]
dcsid: 1, [370]
g61013: 1, [371]
03/21/11: 1, [372]
labefibertecus: 1, [373]
rsn: 1, [374]
51146120809101934: 1, [375]
