order: 1, [0]
51146: 1, [1]
analytical: 1, [2]
laboratory: 2, [3, 19]
report: 2, [4, 90]
fibertec: 1, [5]
page: 1, [7]
0f: 1, [9]
16: 2, [10, 315]
environmental: 1, [11]
taboratory: 1, [12]
project: 3, [13, 46, 56]
number: 1, [14]
1146: 1, [15]
date: 2, [16, 53]
08/09/12: 1, [17]
services: 1, [18]
sample: 5, [20, 31, 49, 59, 65]
number: 1, [21]
51146003: 2, [22, 116]
client: 3, [24, 45, 55]
identification: 1, [25]
akt: 1, [27]
peerless: 1, [28]
environ: 1, [29]
svcs,: 1, [30]
description: 1, [32]
ust2: 1, [33]
south: 1, [34]
wall: 1, [35]
3°: 1, [36]
chain: 1, [37]
custody: 1, [39]
115035: 1, [40]
inc: 1, [41]
farm: 1, [43]
hills: 1, [44]
name: 1, [47]
6513f3370: 1, [48]
no: 2, [50, 57]
collect: 2, [52, 62]
07/26/12: 1, [54]
na: 2, [58, 64]
matrix: 3, [60, 117, 225]
soil/solid: 3, [61, 118, 226]
time: 1, [63]
comments: 1, [66]
soil: 1, [67]
results: 1, [68]
calculated: 1, [71]
reported: 1, [73]
dry: 1, [76]
weight: 1, [77]
basis: 1, [78]
unless: 1, [79]
otherwise: 1, [80]
noted: 1, [81]
definitions: 1, [82]
q: 1, [83]
qualifier: 1, [84]
definitions: 1, [86]
na: 1, [91]
not: 1, [92]
applicable: 1, [93]
nn: 1, [94]
parameter: 1, [95]
included: 1, [97]
nelac: 1, [99]
scope: 1, [100]
analysis: 1, [102]
ust: 1, [103]
used: 1, [105]
motor: 1, [106]
oils: 1, [107]
volatiles,: 1, [109]
5035: 1, [110]
epa: 2, [111, 219]
5035/epa: 1, [112]
8260b: 1, [113]
aliquot: 2, [114, 222]
id: 2, [115, 223]
analyst: 2, [119, 228]
hls: 1, [120]
parameters: 2, [121, 230]
result: 2, [122, 231]
units: 2, [124, 233]
reporting: 2, [125, 234]
limit: 2, [126, 235]
dilution: 2, [127, 236]
prep: 4, [128, 130, 237, 239]
date: 4, [129, 133, 238, 242]
batch: 4, [131, 135, 240, 244]
analysis: 4, [132, 134, 241, 243]
28: 1, [136]
tetrachloroethene: 1, [137]
pg/kg: 1, [139]
50: 2, [140, 160]
10: 14, [141, 151, 161, 178, 194, 210, 250, 260, 270, 280, 290, 300, 310, 320]
08/06/12: 28, [142, 144, 152, 154, 162, 164, 179, 181, 195, 197, 211, 213, 251, 253, 261, 263, 271, 273, 281, 283, 291, 293, 301, 303, 311, 313, 321, 323]
vi12ho6b: 9, [143, 145, 153, 155, 163, 180, 196, 198, 212]
30: 1, [146]
1,2,4trichlorobenzene: 1, [147]
yg/kg: 6, [149, 159, 192, 258, 278, 308]
250: 1, [150]
32: 1, [156]
1,1,2trichloroethane: 1, [157]
vi42ho6b: 3, [165, 182, 214]
‘3atrichlowethene: 1, [166]
ugg: 1, [168]
800612: 1, [169]
vnzhosb0bei2: 1, [170]
—vinzho6b: 2, [171, 204]
34: 1, [172]
1,2,3trimethylbenzene: 1, [173]
nn: 1, [174]
ug/kg: 4, [176, 248, 288, 318]
100: 2, [177, 193]
951,24trimethyibenzene: 1, [183]
ugh: 1, [185]
1000: 1, [186]
8/0612: 1, [187]
vizhobb—0b/oe/i2—viizho6b: 1, [188]
36: 1, [189]
1,3,5trimethylbenzene: 1, [190]
‘s7vinyichiorde: 1, [199]
tig: 1, [201]
080612: 1, [202]
vinzhobb0bvei2: 1, [203]
38: 1, [205]
xylenes: 1, [206]
g/kg: 3, [208, 268, 298]
150: 1, [209]
polynuclear: 1, [215]
aromatic: 1, [216]
hydrocarbons: 1, [217]
pnas: 1, [218]
3546/epa: 1, [220]
8270c: 1, [221]
51146003a: 1, [224]
tmc: 1, [229]
acenaphthylene: 1, [246]
330: 8, [249, 259, 269, 279, 289, 299, 309, 319]
ps12ho6g: 8, [252, 262, 272, 282, 292, 302, 312, 322]
s112ho6a: 5, [254, 264, 284, 314, 324]
4,: 1, [255]
benzoaanthracene: 1, [256]
benzobfluoranthene: 1, [266]
112ho6a: 3, [274, 294, 304]
benzokfluoranthene: 1, [276]
10: 1, [285]
dibenzoa,hanthracene: 1, [286]
12: 1, [295]
fluorene: 1, [296]
14,: 1, [305]
2methylnaphthalene: 1, [306]
pyrene: 1, [316]
1914: 1, [325]
holloway: 1, [326]
drive: 1, [327]
holt,: 1, [328]
mi: 3, [329, 342, 355]
48842: 1, [330]
t: 3, [331, 344, 357]
17: 1, [332]
6990345: 1, [333]
f: 2, [334, 360]
517: 1, [335]
6990388: 1, [336]
11766: 1, [337]
e: 1, [338]
grand: 1, [339]
river: 1, [340]
brighton,: 1, [341]
48116: 1, [343]
810: 2, [345, 348]
2203300: 1, [346]
f: 1, [347]
2203311: 1, [349]
8660: 1, [350]
s: 1, [351]
mackinaw: 1, [352]
trail: 1, [353]
cadillac,: 1, [354]
49601: 1, [356]
231: 2, [358, 361]
7758368: 1, [359]
7758584: 1, [362]
dcsid: 1, [363]
g61013: 1, [364]
03/21/11: 1, [365]
labefibertecus: 1, [366]
rsn: 1, [367]
51146120809101934: 1, [368]
