fibertec: 1, [0]
peenasen: 1, [1]
pannessiatana: 1, [2]
es: 1, [3]
san: 1, [5]
environmental: 1, [6]
oratory: 1, [7]
project: 3, [8, 36, 47]
number: 2, [9, 16]
51148: 1, [10]
date: 2, [11, 44]
08/03/12: 1, [12]
services: 1, [13]
laboratory: 1, [14]
sample: 4, [15, 24, 50, 56]
51148003: 2, [17, 174]
client: 3, [18, 35, 46]
identification: 1, [19]
hey: 1, [20]
peerless: 1, [21]
environ: 1, [22]
svcs,: 1, [23]
description: 1, [25]
ust2: 1, [26]
east: 1, [27]
bottom: 1, [28]
6: 1, [29]
ms: 1, [30]
chain: 1, [31]
custody: 1, [33]
115036: 1, [34]
name: 1, [37]
nee: 1, [38]
al: 1, [39]
‘sample: 1, [40]
no: 2, [41, 48]
collect: 2, [43, 53]
07/26/12: 1, [45]
na: 2, [49, 55]
matrix: 4, [51, 103, 132, 175]
soiv/solid: 1, [52]
time: 1, [54]
comments: 1, [57]
soil: 1, [58]
results: 1, [59]
calculated: 1, [62]
reported: 1, [64]
dry: 2, [67, 94]
weight: 2, [68, 95]
basis: 1, [69]
unless: 1, [70]
otherwise: 1, [71]
noted: 1, [72]
definitions: 1, [73]
q: 1, [74]
qualifier: 1, [75]
definitions: 1, [77]
report: 1, [81]
na: 1, [82]
not: 1, [83]
applicable: 1, [84]
nn: 1, [85]
parameter: 1, [86]
included: 1, [88]
nelac: 1, [90]
scope: 1, [91]
analysis: 1, [93]
determination: 1, [96]
astm: 1, [97]
297487: 1, [99]
aliquot: 3, [100, 129, 172]
id: 3, [101, 130, 173]
51148003a: 2, [102, 131]
soil/solid: 3, [104, 133, 176]
analyst: 3, [105, 134, 177]
bmg: 1, [106]
parameters: 3, [107, 136, 179]
result: 3, [108, 137, 180]
units: 3, [110, 139, 182]
reporting: 3, [111, 140, 183]
limit: 3, [112, 141, 184]
dilution: 3, [113, 142, 185]
prep: 6, [114, 116, 143, 145, 186, 188]
date: 6, [115, 119, 144, 148, 187, 191]
batch: 6, [117, 121, 146, 150, 189, 193]
analysis: 6, [118, 120, 147, 149, 190, 192]
trace: 1, [122]
elements: 1, [123]
icp/ms: 1, [125]
epa: 2, [126, 169]
02002m/epa: 1, [127]
6020a: 1, [128]
jlh: 1, [135]
chromium: 1, [152]
23000: 1, [153]
hg/kg: 1, [154]
500: 1, [155]
10: 1, [156]
08/02/12: 2, [157, 159]
pt12ho2c: 1, [158]
t212ho2a: 1, [160]
ust: 1, [161]
used: 1, [163]
motor: 1, [164]
oils: 1, [165]
volatiles,: 1, [167]
5035: 1, [168]
5035/epa: 1, [170]
8260b: 1, [171]
jpl: 1, [178]
bromodichloromethane: 1, [195]
7400: 1, [196]
g/kg: 7, [197, 207, 227, 237, 297, 308, 318]
100: 5, [198, 238, 248, 309, 319]
10: 13, [199, 209, 219, 229, 239, 249, 259, 269, 280, 289, 299, 310, 320]
08/01/12: 26, [200, 202, 210, 212, 220, 222, 230, 232, 240, 242, 250, 252, 260, 262, 270, 272, 281, 283, 290, 292, 300, 302, 311, 313, 321, 323]
vi12ho1a: 17, [201, 211, 213, 231, 233, 241, 243, 251, 253, 261, 263, 291, 301, 312, 314, 322, 324]
vi12ho1a,: 4, [203, 221, 271, 282]
4,: 1, [204]
bromomethane: 1, [205]
5600: 1, [206]
200: 1, [208]
chlorobenzene: 1, [215]
7000: 1, [216]
yg/kg: 3, [217, 257, 278]
50: 7, [218, 228, 258, 268, 279, 288, 298]
vi42ho1a: 2, [223, 284]
chloroform: 1, [225]
7100: 2, [226, 307]
10,: 1, [234]
dibromochloromethane: 1, [235]
8000: 1, [236]
12: 1, [244]
1,3dichlorobenzene: 1, [245]
6700: 1, [246]
ha/kg: 1, [247]
14: 1, [254]
1,1dichloroethane: 1, [255]
7500: 3, [256, 277, 317]
16: 1, [264]
1,1dichloroethene: 1, [265]
7200: 1, [266]
ug/kg: 2, [267, 287]
viv2ho1a: 1, [273]
18: 1, [274]
trans1: 1, [275]
,2dichloroethene: 1, [276]
20cis1,3dichloropropene: 1, [285]
7800: 1, [286]
via2ho1a: 2, [293, 303]
22: 1, [294]
ethylbenzene: 1, [295]
6900: 1, [296]
24: 1, [304]
methylene: 1, [305]
chloride: 1, [306]
26: 1, [315]
1,1,1,2tetrachloroethane: 1, [316]
1914: 1, [325]
holloway: 1, [326]
drive: 1, [327]
holt,: 1, [328]
mi: 3, [329, 342, 355]
48842: 1, [330]
t: 3, [331, 344, 357]
517: 2, [332, 335]
6990345: 1, [333]
f: 2, [334, 360]
6990388: 1, [336]
11766: 1, [337]
e: 1, [338]
grand: 1, [339]
river: 1, [340]
brighton,: 1, [341]
48116: 1, [343]
810: 2, [345, 348]
2203300: 1, [346]
f: 1, [347]
2203311: 1, [349]
8660: 1, [350]
s: 1, [351]
mackinaw: 1, [352]
trail: 1, [353]
cadillac,: 1, [354]
49601: 1, [356]
231: 2, [358, 361]
7758368: 1, [359]
7758584: 1, [362]
dcsid: 1, [363]
g61013: 1, [364]
03/21/11: 1, [365]
labefibertecus: 1, [366]
rsn: 1, [367]
51148120803133713: 1, [368]
