order: 1, [0]
51148: 2, [1, 9]
analytical: 1, [2]
laboratory: 3, [3, 6, 16]
report: 2, [4, 83]
fibertec: 1, [5]
project: 3, [7, 39, 49]
number: 2, [8, 18]
feges: 1, [10]
aer: 1, [11]
environmental: 1, [12]
date: 2, [13, 46]
08/03/12: 1, [14]
services: 1, [15]
sample: 5, [17, 27, 42, 52, 58]
51148005: 2, [19, 174]
client: 3, [20, 38, 48]
identification: 1, [21]
akt: 1, [23]
peerless: 1, [24]
environ: 1, [25]
svcs,: 1, [26]
description: 1, [28]
dup: 1, [29]
chain: 1, [30]
custody: 1, [32]
115036: 1, [33]
inc: 1, [34]
farm: 1, [36]
hills: 1, [37]
name: 1, [40]
6513f3370: 1, [41]
no: 2, [43, 50]
collect: 2, [45, 55]
07/26/12: 1, [47]
na: 2, [51, 57]
matrix: 4, [53, 105, 132, 175]
soil/solid: 4, [54, 106, 133, 176]
time: 1, [56]
comments: 1, [59]
soil: 1, [60]
results: 1, [61]
calculated: 1, [64]
reported: 1, [66]
dry: 2, [69, 96]
weight: 2, [70, 97]
basis: 1, [71]
unless: 1, [72]
otherwise: 1, [73]
noted: 1, [74]
definitions: 1, [75]
q: 1, [76]
qualifier: 1, [77]
definitions: 1, [79]
na: 1, [84]
not: 1, [85]
applicable: 1, [86]
nn: 1, [87]
parameter: 1, [88]
included: 1, [90]
nelac: 1, [92]
scope: 1, [93]
analysis: 1, [95]
determination: 1, [98]
astm: 1, [99]
297487: 1, [101]
aliquot: 3, [102, 129, 172]
id: 3, [103, 130, 173]
51148005a: 2, [104, 131]
analyst: 3, [107, 134, 177]
bmg: 1, [108]
parameters: 3, [109, 136, 179]
result: 3, [110, 137, 180]
units: 3, [112, 139, 182]
reporting: 3, [113, 140, 183]
limit: 3, [114, 141, 184]
dilution: 3, [115, 142, 185]
prep: 5, [116, 143, 145, 186, 188]
date: 6, [117, 119, 144, 148, 187, 191]
analysis: 5, [120, 147, 149, 190, 192]
batch: 5, [121, 146, 150, 189, 193]
trace: 1, [122]
elements: 1, [123]
icp/ms: 1, [125]
epa: 2, [126, 169]
02002m/epa: 1, [127]
6020a: 1, [128]
jlh: 1, [135]
chromium: 1, [152]
3100: 1, [153]
ug/kg: 2, [154, 217]
500: 1, [155]
10: 1, [156]
08/02/12: 2, [157, 159]
pt12ho2c: 1, [158]
t212ho2a: 1, [160]
ust: 1, [161]
used: 1, [163]
motor: 1, [164]
oils: 1, [165]
volatiles,: 1, [167]
5035: 1, [168]
5035/epa: 1, [170]
8260b: 1, [171]
jpl: 1, [178]
bromodichloromethane: 1, [195]
yg/kg: 6, [197, 207, 227, 267, 288, 298]
100: 5, [198, 238, 248, 310, 320]
10: 13, [199, 209, 219, 229, 239, 249, 259, 269, 279, 290, 300, 311, 321]
08/01/12: 26, [200, 202, 210, 212, 220, 222, 230, 232, 240, 242, 250, 252, 260, 262, 270, 272, 280, 282, 291, 293, 301, 303, 312, 314, 322, 324]
vi12ho1a: 16, [201, 203, 221, 223, 231, 233, 241, 251, 261, 271, 273, 281, 292, 315, 323, 325]
4: 1, [204]
bromomethane: 1, [205]
200: 1, [208]
vi42ho1a: 4, [211, 213, 283, 294]
chlorobenzene: 1, [215]
50: 7, [218, 228, 258, 268, 278, 289, 299]
chloroform: 1, [225]
10: 1, [234]
dibromochloromethane: 1, [235]
ua/kg: 1, [237]
vi12ho1a: 2, [243, 253]
12: 1, [244]
1,3dichlorobenzene: 1, [245]
ho/kg: 1, [247]
14: 1, [254]
1,1dichloroethane: 1, [255]
g/kg: 3, [257, 277, 309]
vi12ho1a,: 3, [263, 302, 313]
16: 1, [264]
1,1dichloroethene: 1, [265]
18: 1, [274]
trans1,2dichloroethene: 1, [275]
20: 1, [284]
cis1: 1, [285]
,3dichloropropene: 1, [286]
22: 1, [295]
ethylbenzene: 1, [296]
vi42ho1a: 1, [304]
24,: 1, [305]
methylene: 1, [306]
chloride: 1, [307]
26: 1, [316]
1,1,1,2tetrachloroethane: 1, [317]
ha/kg: 1, [319]
1914: 1, [326]
holloway: 1, [327]
drive: 1, [328]
holt,: 1, [329]
mi: 3, [330, 343, 356]
48842: 1, [331]
t: 3, [332, 345, 358]
517: 2, [333, 336]
6990345: 1, [334]
f: 2, [335, 361]
6990388: 1, [337]
11766: 1, [338]
e: 1, [339]
grand: 1, [340]
river: 1, [341]
brighton,: 1, [342]
48116: 1, [344]
810: 2, [346, 349]
2203300: 1, [347]
f: 1, [348]
2203311: 1, [350]
8660: 1, [351]
s: 1, [352]
mackinaw: 1, [353]
trail: 1, [354]
cadillac,: 1, [355]
49601: 1, [357]
231: 2, [359, 362]
7758368: 1, [360]
7758584: 1, [363]
dcsid: 1, [364]
g61013: 1, [365]
03/21/11: 1, [366]
labfibertecus: 1, [367]
rsn: 1, [368]
51148120803133713: 1, [369]
