analytical: 1, [0]
laboratory: 3, [1, 10, 18]
report: 2, [2, 89]
order: 1, [3]
51148: 2, [4, 13]
fibertec: 1, [5]
page: 1, [6]
7of: 1, [7]
14: 1, [8]
project: 3, [11, 45, 55]
number: 2, [12, 20]
environmental: 1, [14]
date: 2, [15, 52]
08/03/12: 1, [16]
services: 1, [17]
sample: 5, [19, 29, 48, 58, 64]
51148003: 2, [21, 115]
client: 3, [22, 44, 54]
identification: 1, [23]
akt: 1, [25]
peerless: 1, [26]
environ: 1, [27]
svcs,: 1, [28]
description: 1, [30]
ust2: 1, [31]
east: 1, [32]
bottom: 1, [33]
6: 1, [34]
ms: 1, [35]
chain: 1, [36]
custody: 1, [38]
115036: 1, [39]
inc: 1, [40]
farm: 1, [42]
hills: 1, [43]
name: 1, [46]
6513f3370: 1, [47]
no: 2, [49, 56]
collect: 2, [51, 61]
07/26/12: 1, [53]
na: 2, [57, 63]
matrix: 3, [59, 116, 206]
soil/solid: 3, [60, 117, 207]
time: 1, [62]
comments: 1, [65]
soil: 1, [66]
results: 1, [67]
calculated: 1, [70]
reported: 1, [72]
dry: 1, [75]
weight: 1, [76]
basis: 1, [77]
unless: 1, [78]
otherwise: 1, [79]
noted: 1, [80]
definitions: 1, [81]
q: 1, [82]
qualifier: 1, [83]
definitions: 1, [85]
na: 1, [90]
not: 1, [91]
applicable: 1, [92]
nn: 1, [93]
parameter: 1, [94]
included: 1, [96]
nelac: 1, [98]
scope: 1, [99]
analysis: 1, [101]
ust: 1, [102]
used: 1, [104]
motor: 1, [105]
oils: 1, [106]
volatiles,: 1, [108]
5035: 1, [109]
epa: 2, [110, 200]
5035/epa: 1, [111]
8260b: 1, [112]
aliquot: 2, [113, 203]
id: 2, [114, 204]
analyst: 2, [118, 208]
jpl: 1, [119]
parameters: 2, [120, 210]
result: 2, [121, 211]
units: 2, [123, 213]
reporting: 2, [124, 214]
limit: 2, [125, 215]
dilution: 2, [126, 216]
prep: 4, [127, 129, 217, 219]
date: 4, [128, 132, 218, 222]
batch: 4, [130, 134, 220, 224]
analysis: 4, [131, 133, 221, 223]
28: 1, [135]
tetrachloroethene: 1, [136]
6900: 2, [137, 178]
yg/kg: 8, [138, 148, 158, 189, 228, 248, 258, 298]
50: 2, [139, 159]
10: 14, [140, 150, 160, 171, 181, 191, 230, 240, 250, 260, 270, 280, 290, 300]
08/01/12: 20, [141, 143, 151, 153, 161, 163, 172, 174, 182, 184, 192, 194, 231, 241, 251, 261, 271, 281, 291, 301]
vi12ho1a: 9, [142, 152, 154, 162, 164, 173, 175, 183, 193]
viw2ho1a: 1, [144]
30: 1, [145]
1,2,4trichlorobenzene: 1, [146]
5500: 1, [147]
250: 1, [149]
32: 1, [155]
1,1,2trichloroethane: 1, [156]
7400: 1, [157]
34,: 1, [165]
1,2,3trimethylbenzene: 1, [166]
nn: 1, [167]
6700: 1, [168]
ug/kg: 5, [169, 179, 238, 268, 278]
100: 2, [170, 180]
36: 1, [176]
1,3,5trimethylbenzene: 1, [177]
vi42ho1a: 2, [185, 195]
38: 1, [186]
xylenes: 1, [187]
20000: 1, [188]
150: 1, [190]
polynuclear: 1, [196]
aromatic: 1, [197]
hydrocarbons: 1, [198]
pnas: 1, [199]
3546/epa: 1, [201]
8270c: 1, [202]
51148003a: 1, [205]
tmc: 1, [209]
acenaphthylene: 1, [227]
330: 8, [229, 239, 249, 259, 269, 279, 289, 299]
ps12h011: 8, [232, 242, 252, 262, 272, 282, 292, 302]
08/02/12: 8, [233, 243, 253, 263, 273, 283, 293, 303]
112ho2a: 6, [234, 244, 254, 264, 274, 284]
benzoaanthracene: 1, [236]
5100: 2, [237, 247]
benzobfluoranthene: 1, [246]
benzokfluoranthene: 1, [256]
5400: 2, [257, 267]
10: 1, [265]
dibenzoa,hanthracene: 1, [266]
12: 1, [275]
fluorene: 1, [276]
4700: 1, [277]
14,: 1, [285]
2methylnaphthalene: 1, [286]
4400: 1, [287]
g/kg: 1, [288]
112h02a: 2, [294, 304]
16: 1, [295]
pyrene: 1, [296]
5000: 1, [297]
1914: 1, [305]
holloway: 1, [306]
drive: 1, [307]
holt,: 1, [308]
mi: 3, [309, 322, 335]
48842: 1, [310]
t: 3, [311, 324, 337]
517: 2, [312, 315]
6990345: 1, [313]
f: 3, [314, 327, 340]
6990388: 1, [316]
11766: 1, [317]
e: 1, [318]
grand: 1, [319]
river: 1, [320]
brighton,: 1, [321]
48116: 1, [323]
810: 2, [325, 328]
2203300: 1, [326]
2203311: 1, [329]
8660: 1, [330]
s: 1, [331]
mackinaw: 1, [332]
trail: 1, [333]
cadillac,: 1, [334]
49601: 1, [336]
231: 2, [338, 341]
7758368: 1, [339]
7758584: 1, [342]
dcsid: 1, [343]
g61013: 1, [344]
03/21/11: 1, [345]
labfibertecus: 1, [346]
rsn: 1, [347]
51148120803133713: 1, [348]
