analytical: 1, [0]
laboratory: 3, [1, 6, 18]
report: 2, [2, 89]
order: 1, [3]
51146: 2, [4, 9]
fibertec: 1, [5]
project: 3, [7, 45, 55]
number: 2, [8, 20]
ree: 1, [10]
ie: 1, [11]
environmental: 1, [12]
date: 2, [15, 52]
08/09/12: 1, [16]
services: 1, [17]
sample: 5, [19, 29, 48, 58, 64]
51146005: 2, [21, 115]
client: 3, [22, 44, 54]
identification: 1, [23]
akt: 1, [25]
peerless: 1, [26]
environ: 1, [27]
svcs,: 1, [28]
description: 1, [30]
ust2: 1, [31]
east: 1, [32]
wall: 1, [33]
3: 1, [34]
ms: 1, [35]
chain: 1, [36]
custody: 1, [38]
115035,: 1, [39]
inc: 1, [40]
farm: 1, [42]
hills: 1, [43]
name: 1, [46]
6513f3370: 1, [47]
no: 2, [49, 56]
collect: 2, [51, 61]
07/26/12: 1, [53]
na: 2, [57, 63]
matrix: 3, [59, 116, 206]
soil/solid: 3, [60, 117, 207]
time: 1, [62]
comments: 1, [65]
soil: 1, [66]
results: 1, [67]
calculated: 1, [70]
reported: 1, [72]
dry: 1, [75]
weight: 1, [76]
basis: 1, [77]
unless: 1, [78]
otherwise: 1, [79]
noted: 1, [80]
definitions: 1, [81]
q: 1, [82]
qualifier: 1, [83]
definitions: 1, [85]
na: 1, [90]
not: 1, [91]
applicable: 1, [92]
nn: 1, [93]
parameter: 1, [94]
included: 1, [96]
nelac: 1, [98]
scope: 1, [99]
analysis: 1, [101]
ust: 1, [102]
used: 1, [104]
motor: 1, [105]
oils: 1, [106]
volatiles,: 1, [108]
5035: 1, [109]
epa: 2, [110, 200]
5035/epa: 1, [111]
8260b: 1, [112]
aliquot: 2, [113, 203]
id: 2, [114, 204]
analyst: 2, [118, 208]
hls: 1, [119]
parameters: 2, [120, 222]
result: 2, [121, 223]
units: 2, [123, 225]
reporting: 2, [124, 226]
limit: 2, [125, 227]
dilution: 2, [126, 210]
prep: 4, [127, 129, 211, 213]
date: 4, [128, 132, 212, 216]
batch: 4, [130, 134, 214, 218]
analysis: 4, [131, 133, 215, 217]
28: 1, [135]
tetrachloroethene: 1, [136]
6400: 2, [137, 261]
yg/kg: 2, [138, 232]
50: 2, [139, 159]
10: 6, [140, 150, 160, 171, 181, 191]
08/06/12: 28, [141, 143, 151, 153, 161, 163, 172, 174, 182, 184, 192, 194, 220, 235, 243, 245, 254, 256, 265, 267, 276, 278, 287, 289, 298, 301, 310, 313]
vi12ho6b: 11, [142, 152, 154, 162, 164, 173, 175, 183, 185, 193, 195]
vi42ho6b: 1, [144]
30: 1, [145]
1,2,4trichlorobenzene: 1, [146]
5300: 1, [147]
ug/kg: 7, [148, 158, 240, 251, 262, 273, 284]
250: 1, [149]
32: 1, [155]
1,1,2trichloroethane: 1, [156]
6000: 2, [157, 306]
34,: 1, [165]
1,2,3trimethylbenzene: 1, [166]
nn: 1, [167]
5600: 1, [168]
g/kg: 5, [169, 179, 189, 295, 307]
100: 2, [170, 180]
36: 1, [176]
1,3,5trimethylbenzene: 1, [177]
5700: 1, [178]
38: 1, [186]
xylenes: 1, [187]
16000: 1, [188]
150: 1, [190]
polynuclear: 1, [196]
aromatic: 1, [197]
hydrocarbons: 1, [198]
pnas: 1, [199]
3546/epa: 1, [201]
8270c: 1, [202]
511460054: 1, [205]
bda: 1, [209]
ps12h06g: 4, [219, 255, 266, 277]
512ho6b: 8, [221, 246, 257, 268, 279, 290, 302, 314]
acenaphthylene: 1, [229]
sim: 8, [230, 238, 249, 260, 271, 282, 293, 305]
4700: 1, [231]
330: 8, [233, 241, 252, 263, 274, 285, 296, 308]
20: 8, [234, 242, 253, 264, 275, 286, 297, 309]
4,: 1, [236]
benzoaanthracene: 1, [237]
5900: 1, [239]
ps12ho6g: 4, [244, 288, 299, 311]
benzobfluoranthene: 1, [248]
6300: 1, [250]
benzokfluoranthene: 1, [259]
10: 1, [269]
dibenzoa,hanthracene: 1, [270]
6200: 1, [272]
12: 1, [280]
fluorene: 1, [281]
5100: 1, [283]
14,: 1, [291]
2methyinaphthalene: 1, [292]
4900: 1, [294]
: 1, [300]
16,: 1, [303]
pyrene: 1, [304]
—: 1, [312]
1914: 1, [315]
holloway: 1, [316]
drive: 1, [317]
holt,: 1, [318]
mi: 3, [319, 332, 345]
48842: 1, [320]
t: 3, [321, 334, 347]
617: 1, [322]
6990345: 1, [323]
f: 3, [324, 337, 350]
517: 1, [325]
6990388: 1, [326]
11766: 1, [327]
e: 1, [328]
grand: 1, [329]
river: 1, [330]
brighton,: 1, [331]
48116: 1, [333]
810: 2, [335, 338]
2203300: 1, [336]
2203311: 1, [339]
8660: 1, [340]
s: 1, [341]
mackinaw: 1, [342]
trail: 1, [343]
cadillac,: 1, [344]
49601: 1, [346]
231: 2, [348, 351]
7758368: 1, [349]
7758584: 1, [352]
dcsid: 1, [353]
g61013: 1, [354]
03/21/11: 1, [355]
labfibertecus: 1, [356]
rsn: 1, [357]
51146120809101934: 1, [358]
