analytical: 1, [0]
laboratory: 3, [1, 6, 16]
report: 2, [2, 86]
order: 1, [3]
51146: 2, [4, 9]
fibertec: 1, [5]
project: 3, [7, 42, 52]
number: 2, [8, 18]
page: 1, [10]
8118: 1, [11]
environmental: 1, [12]
date: 2, [13, 49]
08/09/12: 1, [14]
services: 1, [15]
sample: 5, [17, 27, 45, 55, 61]
51146003: 2, [19, 179]
client: 3, [20, 41, 51]
identification: 1, [21]
akt: 1, [23]
peerless: 1, [24]
environ: 1, [25]
svcs,: 1, [26]
description: 1, [28]
ust2: 1, [29]
south: 1, [30]
wall: 1, [31]
3°: 1, [32]
chain: 1, [33]
custody: 1, [35]
115035: 1, [36]
inc: 1, [37]
farm: 1, [39]
hills: 1, [40]
name: 1, [43]
6513f3370: 1, [44]
no: 2, [46, 53]
collect: 2, [48, 58]
07/26/12: 1, [50]
na: 2, [54, 60]
matrix: 4, [56, 108, 137, 180]
soil/solid: 4, [57, 109, 138, 181]
time: 1, [59]
comments: 1, [62]
soil: 1, [63]
results: 1, [64]
calculated: 1, [67]
reported: 1, [69]
dry: 2, [72, 99]
weight: 2, [73, 100]
basis: 1, [74]
unless: 1, [75]
otherwise: 1, [76]
noted: 1, [77]
definitions: 1, [78]
q: 1, [79]
qualifier: 1, [80]
definitions: 1, [82]
na: 1, [87]
not: 1, [88]
applicable: 1, [89]
nn: 1, [90]
parameter: 1, [91]
included: 1, [93]
nelac: 1, [95]
scope: 1, [96]
analysis: 1, [98]
determination: 1, [101]
astm: 1, [102]
297487: 1, [104]
aliquot: 3, [105, 134, 177]
id: 3, [106, 135, 178]
51146003a: 2, [107, 136]
analyst: 3, [110, 139, 182]
bmg: 1, [111]
parameters: 3, [112, 141, 184]
result: 3, [113, 142, 185]
units: 3, [115, 144, 187]
reporting: 3, [116, 145, 188]
limit: 3, [117, 146, 189]
dilution: 3, [118, 147, 190]
prep: 6, [119, 121, 148, 150, 191, 193]
date: 6, [120, 124, 149, 153, 192, 196]
batch: 6, [122, 126, 151, 155, 194, 198]
analysis: 6, [123, 125, 152, 154, 195, 197]
trace: 1, [127]
elements: 1, [128]
icp/ms: 1, [130]
epa: 2, [131, 174]
02002m/epa: 1, [132]
6020a: 1, [133]
jlh: 1, [140]
chromium: 1, [157]
4300: 1, [158]
g/kg: 6, [159, 242, 283, 294, 304, 315]
500: 1, [160]
20: 1, [161]
08/08/12: 2, [162, 164]
pt12ho8f: 1, [163]
t212ho8a: 1, [165]
ust: 1, [166]
used: 1, [168]
motor: 1, [169]
oils: 1, [170]
volatiles,: 1, [172]
5035: 1, [173]
5035/epa: 1, [175]
8260b: 1, [176]
hls: 1, [183]
bromodichloromethane: 1, [200]
yg/kg: 3, [202, 212, 222]
100: 5, [203, 243, 253, 316, 326]
10: 13, [204, 214, 224, 234, 244, 254, 264, 274, 285, 296, 306, 317, 327]
08/06/12: 26, [205, 207, 215, 217, 225, 227, 235, 237, 245, 247, 255, 257, 265, 267, 275, 277, 286, 288, 297, 299, 307, 309, 318, 320, 328, 330]
vi12ho6b: 26, [206, 208, 216, 218, 226, 228, 236, 238, 246, 248, 256, 258, 266, 268, 276, 278, 287, 289, 298, 300, 308, 310, 319, 321, 329, 331]
4,: 1, [209]
bromomethane: 1, [210]
200: 1, [213]
chlorobenzene: 1, [220]
50: 7, [223, 233, 263, 273, 284, 295, 305]
chloroform: 1, [230]
ug/kg: 4, [232, 252, 262, 272]
10: 1, [239]
dibromochloromethane: 1, [240]
12: 1, [249]
1,3dichlorobenzene: 1, [250]
14,: 1, [259]
1,1dichloroethane: 1, [260]
16,: 1, [269]
1,1dichloroethene: 1, [270]
18: 1, [279]
trans1: 1, [280]
,2dichloroethene: 1, [281]
20: 1, [290]
cis1: 1, [291]
,3dichloropropene: 1, [292]
22: 1, [301]
ethylbenzene: 1, [302]
24: 1, [311]
methylene: 1, [312]
chloride: 1, [313]
26: 1, [322]
1,1,1,2tetrachloroethane: 1, [323]
ho/kg: 1, [325]
1914: 1, [332]
holloway: 1, [333]
drive: 1, [334]
holt,: 1, [335]
mi: 3, [336, 349, 362]
48842: 1, [337]
t: 3, [338, 351, 364]
517: 2, [339, 342]
6990345: 1, [340]
f: 3, [341, 354, 367]
6990388: 1, [343]
11766: 1, [344]
e: 1, [345]
grand: 1, [346]
river: 1, [347]
brighton,: 1, [348]
48116: 1, [350]
810: 2, [352, 355]
2203300: 1, [353]
2203311: 1, [356]
8660: 1, [357]
s: 1, [358]
mackinaw: 1, [359]
trail: 1, [360]
cadillac,: 1, [361]
49601: 1, [363]
231: 2, [365, 368]
7758368: 1, [366]
7758584: 1, [369]
dcsid: 1, [370]
g61013: 1, [371]
03/21/11: 1, [372]
labfibertecus: 1, [373]
rsn: 1, [374]
51146120809101934: 1, [375]
