state: 1, [0]
of: 3, [1, 4, 9]
michigan: 2, [2, 7]
department: 2, [3, 8]
environmental: 3, [5, 10, 12]
quality: 2, [6, 11]
laboratory: 1, [13]
po: 1, [14]
box: 1, [15]
30270: 1, [16]
lansing,: 1, [17]
mi: 1, [18]
48909: 1, [19]
tel: 1, [20]
517: 2, [21, 24]
3359800: 1, [22]
fax: 1, [23]
3359600: 1, [25]
client: 1, [26]
id: 2, [27, 32]
east: 1, [28]
wall: 1, [29]
56’s: 1, [30]
lab: 2, [31, 454]
180202103: 1, [33]
analyzed: 1, [34]
date: 1, [35]
qc: 1, [36]
batch: 1, [37]
qualifier: 1, [38]
cas: 1, [39]
analyte: 1, [41]
result: 1, [42]
rl: 1, [43]
units: 1, [44]
dilution: 1, [45]
method: 1, [46]
organicsvolatiles: 1, [47]
60: 28, [48, 180, 187, 194, 201, 208, 222, 229, 243, 250, 257, 264, 271, 278, 285, 292, 342, 349, 356, 363, 377, 384, 391, 405, 419, 426, 440, 447]
630206: 1, [49]
71556: 1, [50]
79345: 1, [51]
79005: 1, [52]
75343: 1, [53]
75354: 1, [54]
87616: 1, [55]
96184: 1, [56]
526738: 1, [57]
120821: 1, [58]
95636: 1, [59]
106934: 1, [60]
95501: 1, [61]
107062: 1, [62]
78875: 1, [63]
108678: 1, [64]
541731: 1, [65]
106467: 1, [66]
540841: 1, [67]
78933: 1, [68]
91576: 1, [69]
67641: 1, [70]
108101: 1, [71]
107131: 1, [72]
71432: 1, [73]
74975: 1, [74]
75274: 1, [75]
75252: 1, [76]
74839: 1, [77]
75150: 1, [78]
56235: 1, [79]
108907: 1, [80]
75003: 1, [81]
67663: 1, [82]
74873: 1, [83]
156592: 1, [84]
10061015: 1, [85]
110827: 1, [86]
124481: 1, [87]
74953: 1, [88]
1,1,1,2tetrachloroethane: 1, [89]
1,1,1trichloroethane: 1, [90]
1,1,2,2tetrachloroethane: 1, [91]
1,1,2trichloroethane: 1, [92]
1,1dichloroethane: 1, [93]
1,1dichloroethylene: 1, [94]
1,2,3trichlorobenzene: 1, [95]
1,2,3trichloropropane: 1, [96]
1,2,3trimethylbenzene: 1, [97]
1,2,4trichlorobenzene: 1, [98]
1,2,4trimethylbenzene: 1, [99]
1,2dibromoethane: 1, [100]
1,2dichlorobenzene: 1, [101]
1,2dichloroethane: 1, [102]
1,2dichloropropane: 1, [103]
1,3,5trimethylbenzene: 1, [104]
1,3dichlorobenzene: 1, [105]
1,4dichlorobenzene: 1, [106]
2,2,4trimethylpentane: 1, [107]
2butanone: 1, [108]
mek: 1, [109]
2methylnaphthalene: 1, [110]
2propanone: 1, [111]
acetone: 1, [112]
4methyl2pentanone: 1, [113]
mibk: 1, [114]
acrylonitrile: 1, [115]
benzene: 1, [116]
bromochloromethane: 1, [117]
bromodichloromethane: 1, [118]
bromoform: 1, [119]
bromomethane: 1, [120]
carbon: 2, [121, 123]
disulfide: 1, [122]
tetrachloride: 1, [124]
chlorobenzene: 1, [125]
chloroethane: 1, [126]
chloroform: 1, [127]
chloromethane: 1, [128]
cis1,2dichloroethylene: 1, [129]
cis1,3dichloropropylene: 1, [130]
cyclohexane: 1, [131]
dibromochloromethane: 1, [132]
dibromomethane: 1, [133]
nd: 40, [134, 135, 136, 137, 138, 139, 140, 141, 142, 143, 144, 145, 146, 147, 148, 149, 150, 151, 152, 153, 154, 155, 156, 157, 158, 159, 160, 161, 162, 163, 164, 165, 166, 167, 168, 169, 170, 171, 172, 173]
02/06/18: 40, [174, 181, 188, 195, 202, 209, 216, 223, 230, 237, 244, 251, 258, 265, 272, 279, 286, 293, 300, 307, 314, 322, 329, 336, 343, 350, 357, 364, 371, 378, 385, 392, 399, 406, 413, 420, 427, 434, 441, 448]
ug/kg: 40, [175, 182, 189, 196, 203, 210, 217, 224, 231, 238, 245, 252, 259, 266, 273, 280, 287, 294, 301, 308, 316, 323, 330, 337, 344, 351, 358, 365, 372, 379, 386, 393, 400, 407, 414, 421, 428, 435, 442, 449]
dry: 40, [176, 183, 190, 197, 204, 211, 218, 225, 232, 239, 246, 253, 260, 267, 274, 281, 288, 295, 302, 309, 317, 324, 331, 338, 345, 352, 359, 366, 373, 380, 387, 394, 401, 408, 415, 422, 429, 436, 443, 450]
50: 40, [177, 184, 191, 198, 205, 212, 219, 226, 233, 240, 247, 254, 261, 268, 275, 282, 289, 296, 303, 310, 318, 325, 332, 339, 346, 353, 360, 367, 374, 381, 388, 395, 402, 409, 416, 423, 430, 437, 444, 451]
b8b0608: 40, [178, 185, 192, 199, 206, 213, 220, 227, 234, 241, 248, 255, 262, 269, 276, 283, 290, 297, 304, 311, 319, 326, 333, 340, 347, 354, 361, 368, 375, 382, 389, 396, 403, 410, 417, 424, 431, 438, 445, 452]
8260: 40, [179, 186, 193, 200, 207, 214, 221, 228, 235, 242, 249, 256, 263, 270, 277, 284, 291, 298, 305, 312, 320, 327, 334, 341, 348, 355, 362, 369, 376, 383, 390, 397, 404, 411, 418, 425, 432, 439, 446, 453]
300: 10, [215, 236, 299, 306, 313, 328, 335, 398, 412, 433]
1200: 1, [321]
240: 1, [370]
work: 1, [455]
order: 1, [456]
1802021: 1, [458]
page: 2, [459, 463]
21: 2, [462, 466]
