state: 1, [0]
of: 3, [1, 4, 9]
michigan: 2, [2, 7]
department: 2, [3, 8]
environmental: 3, [5, 10, 12]
quality: 2, [6, 11]
laboratory: 1, [13]
po: 1, [14]
box: 1, [15]
30270: 1, [16]
lansing,: 1, [17]
mi: 1, [18]
48909: 1, [19]
tel: 1, [20]
517: 2, [21, 24]
3359800: 1, [22]
fax: 1, [23]
3359600: 1, [25]
client: 1, [26]
id: 2, [27, 32]
bottom: 1, [28]
south: 1, [29]
859’s: 1, [30]
lab: 2, [31, 366]
180202106: 1, [33]
analyzed: 1, [34]
date: 1, [35]
qc: 1, [36]
batch: 1, [37]
qualifier: 1, [38]
cas: 1, [39]
analyte: 1, [41]
result: 1, [42]
rl: 1, [43]
units: 1, [44]
dilution: 1, [45]
method: 1, [46]
see: 1, [47]
note: 1, [48]
y15: 1, [49]
organicsvolatiles: 1, [50]
310: 7, [51, 159, 173, 180, 222, 279, 293]
75718: 1, [52]
60297: 1, [53]
108203: 1, [54]
100414: 1, [55]
637923: 1, [56]
67721: 1, [57]
110543: 1, [58]
98828: 1, [59]
1330207: 1, [60]
75092: 1, [61]
1634044: 1, [62]
91203: 1, [63]
104518: 1, [64]
103651: 1, [65]
95476: 1, [66]
135988: 1, [67]
100425: 1, [68]
98066: 1, [69]
75650: 1, [70]
994058: 1, [71]
127184: 1, [72]
109999: 1, [73]
108883: 1, [74]
156605: 1, [75]
10061026: 1, [76]
79016: 1, [77]
75694: 1, [78]
75014: 1, [79]
dichlorodifluoromethane: 1, [80]
diethyl: 1, [81]
ether: 2, [82, 84]
diisopropyl: 1, [83]
ethylbenzene: 1, [85]
ethyltertiarybutylether: 1, [86]
hexachloroethane: 1, [87]
hexane: 1, [88]
isopropylbenzene: 1, [89]
xylene: 1, [94]
methylene: 1, [95]
chloride: 2, [96, 117]
methyltertiarybutylether: 1, [97]
naphthalene: 1, [98]
nbutylbenzene: 1, [99]
npropylbenzene: 1, [100]
oxylene: 1, [101]
secbutylbenzene: 1, [102]
styrene: 1, [103]
tertbutylbenzene: 1, [104]
tertiary: 1, [105]
butyl: 1, [106]
alcohol: 1, [107]
tertiaryamylmethylether: 1, [108]
tetrachloroethylene: 1, [109]
tetrahydrofuran: 1, [110]
toluene: 1, [111]
trans1,2dichloroethylene: 1, [112]
trans1,3dichloropropylene: 1, [113]
trichloroethylene: 1, [114]
trichlorofluoromethane: 1, [115]
vinyl: 1, [116]
nd: 28, [118, 119, 120, 121, 122, 123, 124, 125, 126, 127, 128, 129, 130, 131, 132, 133, 134, 135, 136, 137, 138, 139, 140, 141, 142, 143, 144, 145]
02/06/18: 31, [146, 153, 160, 167, 174, 181, 188, 195, 202, 209, 216, 223, 231, 238, 245, 252, 259, 266, 273, 280, 287, 294, 301, 308, 315, 322, 329, 336, 343, 351, 359]
50: 28, [147, 154, 161, 168, 175, 182, 189, 196, 203, 210, 217, 225, 232, 239, 246, 253, 260, 267, 274, 281, 288, 295, 302, 309, 316, 323, 330, 337]
ug/kg: 28, [148, 155, 162, 169, 176, 183, 190, 197, 204, 211, 218, 226, 233, 240, 247, 254, 261, 268, 275, 282, 289, 296, 303, 310, 317, 324, 331, 338]
dry: 28, [149, 156, 163, 170, 177, 184, 191, 198, 205, 212, 219, 227, 234, 241, 248, 255, 262, 269, 276, 283, 290, 297, 304, 311, 318, 325, 332, 339]
b8b0608: 31, [150, 157, 164, 171, 178, 185, 192, 199, 206, 213, 220, 228, 235, 242, 249, 256, 263, 270, 277, 284, 291, 298, 305, 312, 319, 326, 333, 340, 344, 352, 360]
8260: 31, [151, 158, 165, 172, 179, 186, 193, 200, 207, 214, 221, 229, 236, 243, 250, 257, 264, 271, 278, 285, 292, 299, 306, 313, 320, 327, 334, 341, 349, 357, 365]
250: 1, [152]
62: 17, [166, 187, 194, 215, 230, 237, 244, 251, 258, 265, 286, 300, 307, 314, 321, 328, 335]
120: 3, [201, 208, 355]
3100: 1, [272]
403194: 1, [342]
surrogate: 3, [345, 353, 361]
bromofluorobenzene: 1, [346]
124: 1, [347]
521217: 1, [350]
dibromofluoromethane: 1, [354]
554196: 1, [358]
toluened8: 1, [362]
117: 1, [363]
work: 1, [367]
order: 1, [368]
1802021: 1, [370]
page: 2, [371, 375]
19: 2, [372, 376]
21: 2, [374, 378]
